 Time (s)          H   
 0.000E+00  0.000E+00 
 0.350E-08  0.833E-05 
 0.581E-08  0.208E-04 
 0.675E-08  0.208E-04 
 0.744E-08  0.292E-04 
 0.809E-08  0.375E-04 
 0.861E-08  0.375E-04 
 0.911E-08  0.458E-04 
 0.952E-08  0.542E-04 
 0.989E-08  0.542E-04 
 0.102E-07  0.542E-04 
 0.106E-07  0.500E-04 
 0.110E-07  0.458E-04 
 0.114E-07  0.458E-04 
 0.118E-07  0.458E-04 
 0.123E-07  0.417E-04 
 0.128E-07  0.417E-04 
 0.132E-07  0.417E-04 
 0.137E-07  0.417E-04 
 0.142E-07  0.417E-04 
 0.146E-07  0.500E-04 
