 Time (s)          H   
 0.000E+00  0.100E+00 
 0.251E-09  0.100E+00 
 0.503E-09  0.100E+00 
 0.754E-09  0.100E+00 
 0.101E-08  0.100E+00 
 0.126E-08  0.100E+00 
 0.151E-08  0.100E+00 
 0.176E-08  0.100E+00 
 0.201E-08  0.100E+00 
 0.226E-08  0.100E+00 
 0.252E-08  0.100E+00 
 0.277E-08  0.100E+00 
 0.302E-08  0.100E+00 
 0.327E-08  0.100E+00 
 0.352E-08  0.100E+00 
 0.378E-08  0.100E+00 
 0.403E-08  0.100E+00 
 0.428E-08  0.100E+00 
 0.453E-08  0.100E+00 
 0.478E-08  0.100E+00 
 0.503E-08  0.100E+00 
 0.529E-08  0.100E+00 
 0.554E-08  0.100E+00 
 0.579E-08  0.100E+00 
 0.604E-08  0.100E+00 
 0.629E-08  0.100E+00 
 0.655E-08  0.100E+00 
 0.680E-08  0.100E+00 
 0.705E-08  0.100E+00 
 0.730E-08  0.100E+00 
 0.755E-08  0.100E+00 
 0.781E-08  0.100E+00 
 0.806E-08  0.100E+00 
 0.831E-08  0.100E+00 
 0.856E-08  0.100E+00 
 0.881E-08  0.100E+00 
 0.906E-08  0.100E+00 
 0.932E-08  0.100E+00 
 0.957E-08  0.100E+00 
 0.982E-08  0.100E+00 
 0.101E-07  0.100E+00 
 0.103E-07  0.100E+00 
 0.106E-07  0.100E+00 
 0.108E-07  0.100E+00 
 0.111E-07  0.100E+00 
 0.113E-07  0.100E+00 
 0.116E-07  0.100E+00 
 0.118E-07  0.100E+00 
 0.121E-07  0.100E+00 
 0.123E-07  0.100E+00 
 0.126E-07  0.100E+00 
 0.128E-07  0.100E+00 
 0.131E-07  0.100E+00 
 0.133E-07  0.100E+00 
 0.136E-07  0.100E+00 
 0.139E-07  0.100E+00 
 0.141E-07  0.100E+00 
 0.144E-07  0.100E+00 
 0.146E-07  0.100E+00 
 0.149E-07  0.100E+00 
 0.151E-07  0.100E+00 
 0.154E-07  0.100E+00 
 0.156E-07  0.100E+00 
 0.159E-07  0.100E+00 
 0.161E-07  0.100E+00 
 0.164E-07  0.100E+00 
 0.166E-07  0.100E+00 
 0.169E-07  0.100E+00 
 0.171E-07  0.100E+00 
 0.174E-07  0.100E+00 
 0.176E-07  0.100E+00 
 0.179E-07  0.100E+00 
 0.181E-07  0.100E+00 
 0.184E-07  0.100E+00 
 0.186E-07  0.100E+00 
 0.189E-07  0.100E+00 
 0.191E-07  0.100E+00 
 0.194E-07  0.100E+00 
 0.196E-07  0.100E+00 
 0.199E-07  0.100E+00 
 0.201E-07  0.100E+00 
 0.204E-07  0.100E+00 
 0.206E-07  0.100E+00 
 0.209E-07  0.100E+00 
 0.212E-07  0.100E+00 
 0.214E-07  0.100E+00 
 0.217E-07  0.100E+00 
 0.219E-07  0.100E+00 
 0.222E-07  0.100E+00 
 0.224E-07  0.100E+00 
 0.227E-07  0.100E+00 
 0.229E-07  0.100E+00 
 0.232E-07  0.100E+00 
 0.234E-07  0.100E+00 
 0.237E-07  0.100E+00 
 0.239E-07  0.100E+00 
 0.242E-07  0.100E+00 
 0.244E-07  0.100E+00 
 0.247E-07  0.100E+00 
 0.249E-07  0.100E+00 
 0.252E-07  0.100E+00 
 0.254E-07  0.100E+00 
 0.257E-07  0.100E+00 
 0.259E-07  0.100E+00 
 0.262E-07  0.100E+00 
 0.264E-07  0.100E+00 
 0.267E-07  0.100E+00 
 0.269E-07  0.100E+00 
 0.272E-07  0.100E+00 
 0.274E-07  0.100E+00 
 0.277E-07  0.100E+00 
 0.279E-07  0.100E+00 
 0.282E-07  0.100E+00 
 0.285E-07  0.100E+00 
 0.287E-07  0.100E+00 
 0.290E-07  0.100E+00 
 0.292E-07  0.100E+00 
 0.295E-07  0.100E+00 
 0.297E-07  0.100E+00 
 0.300E-07  0.100E+00 
 0.302E-07  0.100E+00 
 0.305E-07  0.100E+00 
 0.307E-07  0.100E+00 
 0.310E-07  0.100E+00 
 0.312E-07  0.100E+00 
 0.315E-07  0.100E+00 
 0.317E-07  0.100E+00 
 0.320E-07  0.100E+00 
 0.322E-07  0.100E+00 
 0.325E-07  0.100E+00 
 0.327E-07  0.100E+00 
 0.330E-07  0.100E+00 
 0.332E-07  0.100E+00 
 0.335E-07  0.100E+00 
 0.337E-07  0.100E+00 
 0.340E-07  0.100E+00 
 0.342E-07  0.100E+00 
 0.345E-07  0.100E+00 
 0.347E-07  0.100E+00 
 0.350E-07  0.100E+00 
 0.353E-07  0.100E+00 
 0.355E-07  0.100E+00 
 0.358E-07  0.100E+00 
 0.360E-07  0.100E+00 
 0.363E-07  0.100E+00 
 0.365E-07  0.100E+00 
 0.368E-07  0.100E+00 
 0.370E-07  0.100E+00 
 0.373E-07  0.100E+00 
 0.375E-07  0.100E+00 
 0.378E-07  0.100E+00 
 0.380E-07  0.100E+00 
 0.383E-07  0.100E+00 
 0.385E-07  0.100E+00 
 0.388E-07  0.100E+00 
 0.390E-07  0.100E+00 
 0.393E-07  0.100E+00 
 0.395E-07  0.100E+00 
 0.398E-07  0.100E+00 
 0.400E-07  0.100E+00 
 0.403E-07  0.100E+00 
 0.405E-07  0.100E+00 
 0.408E-07  0.100E+00 
 0.410E-07  0.100E+00 
 0.413E-07  0.100E+00 
 0.415E-07  0.100E+00 
 0.418E-07  0.100E+00 
 0.421E-07  0.100E+00 
 0.423E-07  0.100E+00 
 0.426E-07  0.100E+00 
 0.428E-07  0.100E+00 
 0.431E-07  0.100E+00 
 0.433E-07  0.100E+00 
 0.436E-07  0.100E+00 
 0.438E-07  0.100E+00 
 0.441E-07  0.100E+00 
 0.443E-07  0.100E+00 
 0.446E-07  0.100E+00 
 0.448E-07  0.100E+00 
 0.451E-07  0.100E+00 
 0.453E-07  0.100E+00 
 0.456E-07  0.100E+00 
 0.458E-07  0.100E+00 
 0.461E-07  0.100E+00 
 0.463E-07  0.100E+00 
 0.466E-07  0.100E+00 
 0.468E-07  0.100E+00 
 0.471E-07  0.100E+00 
 0.473E-07  0.100E+00 
 0.476E-07  0.100E+00 
 0.478E-07  0.100E+00 
 0.481E-07  0.100E+00 
 0.483E-07  0.100E+00 
 0.486E-07  0.100E+00 
 0.489E-07  0.100E+00 
 0.491E-07  0.100E+00 
 0.494E-07  0.100E+00 
 0.496E-07  0.100E+00 
 0.499E-07  0.100E+00 
 0.501E-07  0.100E+00 
 0.504E-07  0.100E+00 
