 EdgeSiteNum:   20   20    9    9 
 EdgeOccNum:
  15   17    7    1 
  18   11    0    5 
  17   18    1    8 
  10   12    5    7 
  16   19    8    8 
  15   12    1    8 
   7   19    8    1 
  11    6    7    6 
   4   14    2    8 
  17   16    3    6 
  18   17    8    8 
  19    1    8    4 
  19   19    8    8 
  17   18    6    8 
  19   19    6    5 
   6   18    6    6 
   5   15    5    5 
  18    4    4    8 
  17   17    7    6 
  12   12    0    3 
  16   16    4    1 
  10   12    8    7 
  16   10    5    1 
   0    5    5    5 
  19    3    8    5 
  19   11    4    8 
  13    5    6    7 
  11    9    8    7 
  18    8    4    8 
   4   17    6    4 
  18   13    2    5 
  13   17    6    1 
  19   15    5    2 
  17   18    3    7 
  18   13    5    4 
  19   14    2    2 
  14   19    8    4 
  18   12    7    7 
   5   17    7    6 
  10   18    7    8 
   9   18    7    5 
  17   10    7    8 
  17   17    6    8 
  14    8    4    8 
  19   14    7    8 
  14   19    7    2 
  18   15    8    6 
  17   16    6    6 
  19   12    4    8 
  19   19    1    8 
  15    5    8    3 
  15   19    7    4 
   4   19    7    8 
  16   19    0    5 
  15    6    6    6 
  18   10    6    3 
   1   13    6    8 
  16   11    2    6 
  19   11    8    8 
  17   19    7    7 
  19   15    7    2 
  18   16    0    7 
  13   17    7    7 
   5    2    2    7 
  17   18    7    3 
  14    1    7    4 
   3   19    8    7 
   3    4    0    8 
  18   11    4    8 
  19   18    8    2 
  17   14    5    7 
   4   16    4    3 
   3    8    7    5 
  14   19    4    6 
  14   15    4    4 
   8    0    4    8 
  19    5    6    7 
  18   18    8    8 
  19   11    7    5 
  18   16    4    0 
   4    5    3    4 
   8   16    6    5 
  18    3    0    1 
  15   15    8    8 
  14   18    6    4 
  18   19    7    6 
  11   18    8    8 
  14   11    8    7 
  16   12    5    7 
  19   17    1    8 
  10   17    4    7 
  14   19    8    6 
  18   19    8    7 
  15    9    8    6 
   7   17    5    5 
  13   19    8    8 
  16   11    2    8 
   7    9    8    8 
  19   12    6    8 
  15    6    8    1 
  18   19    7    6 
   3   15    6    8 
  19   19    6    1 
  19   17    6    6 
   0    2    5    5 
  10   16    8    8 
  10   17    5    5 
  11    7    8    0 
  18   18    8    0 
  18    7    4    8 
   8    4    8    1 
  19   19    7    6 
  16   13    8    7 
  16   17    8    8 
  14   19    7    8 
  13   19    4    1 
  19    9    4    8 
  16   17    8    8 
  19    2    4    5 
  19   19    7    4 
  13   12    3    6 
  19    3    8    3 
   8   13    8    7 
  19   18    7    3 
  19    9    1    0 
  10   13    7    6 
  18   13    0    8 
   9   11    3    3 
  19   12    5    8 
   9    7    6    8 
   3   14    3    5 
   9   16    8    3 
   3   19    6    8 
  19    8    8    8 
  10   14    7    8 
  18   18    8    4 
  17    7    3    1 
   9    4    2    6 
   8   18    2    7 
   9   11    6    8 
   9   15    5    4 
  13   15    7    0 
  17   15    2    5 
  18   16    8    7 
  16   19    8    7 
   5    6    5    7 
   6    5    4    8 
  17    8    5    8 
   4   19    8    6 
  12    5    8    4 
  19   19    8    8 
  16    4    7    8 
   7   17    4    5 
  16   19    6    6 
  12   11    5    7 
  19   17    8    8 
  12   15    8    8 
   4   16    6    3 
  19   16    3    4 
   3   16    5    7 
  19   16    7    4 
  18   17    7    8 
  17   16    4    8 
  14   19    8    7 
  18    1    8    6 
  13   11    6    2 
   3    8    6    3 
   7   19    4    6 
  16   19    7    4 
  19   16    4    5 
  16   14    7    5 
   8   19    4    3 
  18   18    4    7 
  18   19    8    8 
  14   19    2    3 
  17   15    7    7 
   1   18    2    4 
  13   11    8    4 
  19    9    8    2 
  17    8    4    8 
  17   10    5    8 
   8   12    5    8 
   5   19    4    5 
  12   13    5    8 
   7   18    5    8 
  17   19    6    7 
  15   11    8    0 
  18    5    7    6 
  19   18    8    8 
  10   17    8    8 
  11   11    5    7 
   4    6    8    5 
  13    4    2    8 
   8   18    8    3 
  19   12    3    8 
  18    8    8    3 
  10   11    4    8 
  19   19    8    4 
  12    9    8    8 
  19   18    7    7 
