NumberOfSpeciesType  1
NumberOfEachSpecies 
210  
 
GridOcc
1 11 1
1 14 1
1 25 1
1 38 1
1 39 1
1 46 1
1 50 1
2 14 1
2 15 1
2 27 1
2 28 1
2 31 1
2 36 1
2 41 1
2 44 1
3 21 1
3 41 1
3 42 1
4 5 1
4 6 1
4 11 1
4 27 1
4 36 1
4 41 1
4 50 1
5 7 1
5 9 1
5 44 1
6 6 1
6 13 1
6 22 1
6 23 1
6 34 1
6 36 1
6 42 1
6 47 1
7 7 1
7 8 1
7 29 1
7 31 1
7 36 1
7 43 1
8 17 1
8 23 1
8 33 1
8 38 1
9 8 1
9 18 1
9 27 1
9 39 1
9 43 1
10 6 1
10 17 1
10 23 1
10 24 1
10 31 1
10 33 1
10 35 1
10 40 1
11 16 1
12 11 1
12 38 1
12 45 1
12 50 1
13 8 1
13 21 1
13 34 1
13 45 1
14 2 1
14 4 1
14 13 1
14 25 1
14 29 1
14 42 1
14 47 1
14 48 1
15 5 1
15 14 1
15 40 1
15 45 1
15 48 1
15 49 1
16 2 1
16 14 1
18 3 1
18 50 1
19 8 1
19 41 1
20 44 1
20 45 1
20 48 1
20 49 1
21 7 1
21 12 1
22 7 1
22 35 1
22 42 1
22 44 1
23 2 1
23 44 1
23 48 1
23 49 1
24 13 1
24 45 1
25 1 1
25 12 1
25 13 1
25 47 1
25 48 1
26 42 1
26 47 1
27 43 1
28 11 1
28 14 1
29 13 1
30 8 1
30 39 1
30 41 1
30 49 1
31 2 1
31 45 1
32 2 1
33 44 1
33 46 1
34 1 1
34 7 1
34 43 1
35 3 1
35 4 1
35 5 1
35 23 1
35 24 1
35 50 1
36 10 1
36 26 1
36 46 1
37 6 1
37 8 1
37 12 1
37 37 1
38 7 1
38 11 1
38 13 1
38 16 1
38 17 1
38 26 1
38 40 1
38 45 1
38 46 1
39 2 1
39 4 1
39 7 1
39 8 1
39 10 1
39 12 1
39 17 1
39 22 1
39 29 1
40 1 1
40 7 1
40 46 1
41 2 1
41 7 1
41 44 1
41 45 1
41 47 1
42 10 1
42 19 1
42 35 1
42 38 1
42 39 1
42 46 1
42 49 1
43 7 1
43 25 1
43 35 1
43 41 1
43 50 1
44 18 1
44 22 1
44 42 1
44 45 1
44 50 1
45 47 1
46 22 1
46 31 1
46 41 1
46 46 1
46 49 1
47 4 1
47 7 1
47 28 1
47 34 1
47 37 1
47 48 1
48 1 1
48 5 1
49 4 1
49 13 1
49 17 1
49 23 1
49 33 1
49 37 1
49 45 1
49 47 1
49 49 1
50 7 1
50 12 1
50 25 1
50 41 1
GridOccNum 210
 
EdgeSiteNum
   20    20     9     9 
   20    20     9     9 
   20    20     9     9 
   20    20     9     9 
 
EdgeOccNum
   19    18     7     7 
   19    18     7     7 
   19    18     7     7 
   19    18     7     7 
 
Edge1
1 1 1 1 1 1 1 1 0 1 1 1 1 1 1 1 1 1 1 1  
Edge2
1 1 1 1 1 1 0 1 0 1 1 1 1 1 1 1 1 1 1 1  
Edge3
1 1 1 1 1 1 1 0 0  
Edge4
1 0 1 1 0 1 1 1 1  
