 Time (s)          H   
 0.000E+00  0.000E+00 
 0.329E-07  0.816E-03 
 0.567E-07  0.680E-03 
 0.813E-07  0.832E-03 
 0.106E-06  0.800E-03 
 0.130E-06  0.712E-03 
 0.156E-06  0.768E-03 
 0.181E-06  0.704E-03 
 0.207E-06  0.664E-03 
 0.230E-06  0.776E-03 
 0.254E-06  0.840E-03 
 0.276E-06  0.760E-03 
 0.302E-06  0.696E-03 
 0.327E-06  0.752E-03 
 0.351E-06  0.864E-03 
 0.376E-06  0.688E-03 
 0.403E-06  0.680E-03 
 0.427E-06  0.792E-03 
 0.452E-06  0.816E-03 
 0.477E-06  0.784E-03 
 0.502E-06  0.864E-03 
 0.526E-06  0.672E-03 
 0.551E-06  0.800E-03 
 0.575E-06  0.712E-03 
 0.601E-06  0.672E-03 
 0.627E-06  0.768E-03 
 0.652E-06  0.800E-03 
 0.678E-06  0.744E-03 
 0.703E-06  0.776E-03 
 0.729E-06  0.832E-03 
 0.754E-06  0.704E-03 
 0.779E-06  0.784E-03 
 0.803E-06  0.776E-03 
 0.827E-06  0.816E-03 
 0.850E-06  0.728E-03 
 0.875E-06  0.752E-03 
 0.900E-06  0.792E-03 
 0.926E-06  0.704E-03 
 0.950E-06  0.752E-03 
 0.977E-06  0.744E-03 
 0.100E-05  0.712E-03 
 0.103E-05  0.784E-03 
 0.105E-05  0.712E-03 
 0.108E-05  0.760E-03 
 0.110E-05  0.776E-03 
 0.113E-05  0.728E-03 
 0.116E-05  0.744E-03 
 0.118E-05  0.720E-03 
 0.121E-05  0.696E-03 
 0.123E-05  0.792E-03 
 0.126E-05  0.784E-03 
 0.128E-05  0.704E-03 
 0.131E-05  0.736E-03 
 0.134E-05  0.672E-03 
 0.136E-05  0.760E-03 
 0.139E-05  0.760E-03 
 0.141E-05  0.696E-03 
 0.144E-05  0.752E-03 
 0.147E-05  0.744E-03 
 0.149E-05  0.728E-03 
 0.152E-05  0.720E-03 
 0.154E-05  0.744E-03 
 0.157E-05  0.800E-03 
 0.159E-05  0.752E-03 
 0.162E-05  0.688E-03 
 0.164E-05  0.736E-03 
 0.167E-05  0.720E-03 
 0.169E-05  0.792E-03 
 0.172E-05  0.792E-03 
 0.174E-05  0.752E-03 
 0.177E-05  0.760E-03 
 0.179E-05  0.808E-03 
 0.182E-05  0.776E-03 
 0.184E-05  0.848E-03 
 0.186E-05  0.848E-03 
 0.189E-05  0.760E-03 
 0.191E-05  0.808E-03 
 0.194E-05  0.800E-03 
 0.196E-05  0.768E-03 
 0.199E-05  0.672E-03 
 0.202E-05  0.792E-03 
 0.204E-05  0.784E-03 
 0.206E-05  0.768E-03 
 0.209E-05  0.680E-03 
 0.212E-05  0.720E-03 
 0.214E-05  0.752E-03 
 0.217E-05  0.752E-03 
 0.219E-05  0.792E-03 
 0.222E-05  0.840E-03 
 0.224E-05  0.768E-03 
 0.226E-05  0.776E-03 
 0.229E-05  0.728E-03 
 0.231E-05  0.744E-03 
 0.234E-05  0.696E-03 
 0.236E-05  0.736E-03 
 0.239E-05  0.672E-03 
 0.241E-05  0.744E-03 
 0.244E-05  0.808E-03 
 0.246E-05  0.744E-03 
 0.249E-05  0.720E-03 
 0.251E-05  0.816E-03 
