 0.329E-07       204  
 0.567E-07       170  
 0.813E-07       208  
 0.106E-06       200  
 0.130E-06       178  
 0.156E-06       192  
 0.181E-06       176  
 0.207E-06       166  
 0.230E-06       194  
 0.254E-06       210  
 0.276E-06       190  
 0.302E-06       174  
 0.327E-06       188  
 0.351E-06       216  
 0.376E-06       172  
 0.403E-06       170  
 0.427E-06       198  
 0.452E-06       204  
 0.477E-06       196  
 0.502E-06       216  
 0.526E-06       168  
 0.551E-06       200  
 0.575E-06       178  
 0.601E-06       168  
 0.627E-06       192  
 0.652E-06       200  
 0.678E-06       186  
 0.703E-06       194  
 0.729E-06       208  
 0.754E-06       176  
 0.779E-06       196  
 0.803E-06       194  
 0.827E-06       204  
 0.850E-06       182  
 0.875E-06       188  
 0.900E-06       198  
 0.926E-06       176  
 0.950E-06       188  
 0.977E-06       186  
 0.100E-05       178  
 0.103E-05       196  
 0.105E-05       178  
 0.108E-05       190  
 0.110E-05       194  
 0.113E-05       182  
 0.116E-05       186  
 0.118E-05       180  
 0.121E-05       174  
 0.123E-05       198  
 0.126E-05       196  
 0.128E-05       176  
 0.131E-05       184  
 0.134E-05       168  
 0.136E-05       190  
 0.139E-05       190  
 0.141E-05       174  
 0.144E-05       188  
 0.147E-05       186  
 0.149E-05       182  
 0.152E-05       180  
 0.154E-05       186  
 0.157E-05       200  
 0.159E-05       188  
 0.162E-05       172  
 0.164E-05       184  
 0.167E-05       180  
 0.169E-05       198  
 0.172E-05       198  
 0.174E-05       188  
 0.177E-05       190  
 0.179E-05       202  
 0.182E-05       194  
 0.184E-05       212  
 0.186E-05       212  
 0.189E-05       190  
 0.191E-05       202  
 0.194E-05       200  
 0.196E-05       192  
 0.199E-05       168  
 0.202E-05       198  
 0.204E-05       196  
 0.206E-05       192  
 0.209E-05       170  
 0.212E-05       180  
 0.214E-05       188  
 0.217E-05       188  
 0.219E-05       198  
 0.222E-05       210  
 0.224E-05       192  
 0.226E-05       194  
 0.229E-05       182  
 0.231E-05       186  
 0.234E-05       174  
 0.236E-05       184  
 0.239E-05       168  
 0.241E-05       186  
 0.244E-05       202  
 0.246E-05       186  
 0.249E-05       180  
 0.251E-05       204  
