NumberOfSpeciesType  1
NumberOfEachSpecies 
204  
 
GridOcc
1 402 1
2 297 1
4 418 1
5 408 1
9 12 1
9 42 1
9 80 1
14 170 1
18 244 1
19 21 1
19 325 1
24 245 1
28 174 1
30 322 1
32 299 1
34 31 1
38 303 1
47 225 1
48 368 1
50 23 1
50 194 1
51 68 1
51 213 1
54 235 1
57 326 1
61 194 1
61 199 1
62 254 1
63 4 1
63 169 1
67 425 1
71 90 1
71 148 1
73 488 1
75 175 1
76 38 1
77 130 1
78 403 1
80 165 1
82 80 1
83 431 1
84 303 1
86 370 1
87 254 1
88 12 1
88 420 1
92 234 1
99 57 1
103 120 1
107 206 1
107 305 1
113 133 1
114 492 1
115 401 1
120 80 1
120 158 1
121 309 1
125 14 1
125 382 1
126 351 1
127 465 1
128 62 1
131 272 1
131 331 1
136 448 1
138 285 1
140 252 1
140 312 1
145 131 1
146 247 1
148 347 1
152 230 1
158 65 1
160 287 1
160 488 1
161 99 1
164 283 1
166 90 1
170 106 1
176 161 1
180 70 1
180 364 1
185 360 1
186 66 1
194 346 1
199 399 1
200 422 1
202 192 1
202 365 1
208 191 1
209 106 1
213 385 1
216 348 1
217 220 1
218 220 1
221 351 1
223 384 1
224 244 1
225 485 1
228 398 1
231 305 1
232 340 1
236 389 1
240 416 1
241 163 1
241 270 1
242 191 1
242 314 1
248 23 1
248 269 1
248 305 1
249 300 1
254 53 1
254 158 1
256 60 1
260 436 1
262 378 1
265 201 1
268 44 1
268 485 1
273 381 1
277 34 1
279 335 1
283 488 1
286 344 1
287 494 1
290 313 1
290 405 1
297 291 1
298 169 1
299 236 1
304 261 1
305 181 1
305 217 1
307 237 1
308 67 1
314 493 1
315 338 1
319 363 1
319 401 1
320 172 1
321 216 1
325 78 1
331 423 1
334 478 1
337 157 1
341 196 1
344 420 1
349 335 1
350 156 1
351 233 1
352 380 1
356 287 1
361 12 1
365 216 1
368 353 1
372 226 1
372 442 1
374 217 1
376 42 1
380 152 1
382 115 1
385 231 1
386 5 1
388 115 1
390 39 1
392 102 1
394 35 1
394 276 1
407 251 1
410 468 1
412 336 1
412 455 1
415 192 1
415 493 1
422 102 1
424 89 1
425 312 1
428 307 1
429 218 1
438 456 1
440 4 1
444 214 1
446 12 1
447 450 1
453 275 1
454 193 1
455 390 1
458 79 1
459 303 1
461 50 1
463 139 1
463 452 1
465 260 1
465 321 1
466 500 1
469 70 1
473 12 1
473 332 1
475 430 1
477 165 1
486 423 1
489 251 1
491 65 1
GridOccNum 204
