NumberOfSpeciesType  9
NumberOfEachSpecies 
7 1 0 0 211 5 0 13 7  
 
NumberofMSpeciesType 1
NumberofEachMSpecies 
29  
 
GridOcc
1 342 5
1 992 5
12 27 5
29 133 5
30 234 5
32 868 5
37 65 5
38 60 8
40 54 5
43 7 5
51 301 5
64 611 5
65 104 5
70 114 5
71 289 8
74 592 5
75 309 5
75 671 5
75 799 5
82 937 5
85 877 5
85 928 5
92 118 8
93 203 5
95 527 5
102 275 5
106 610 5
108 886 5
119 55 5
119 431 5
130 980 5
144 289 5
145 229 5
148 244 5
150 764 5
158 419 5
166 76 5
166 547 5
168 709 5
169 560 5
179 99 5
180 179 8
182 843 5
185 971 1
186 442 5
192 4 6
200 806 5
212 468 5
213 299 5
214 10 5
216 834 5
217 526 5
219 310 5
222 184 5
227 129 5
233 89 5
235 460 5
235 795 5
238 693 6
241 278 5
243 972 5
247 233 1
257 935 8
265 831 5
276 8 5
277 517 5
278 59 5
278 661 5
282 437 9
286 12 5
288 905 5
294 10 5
296 403 5
299 175 5
304 586 5
315 967 5
319 274 5
323 87 5
335 707 8
338 818 5
339 499 5
345 148 5
353 890 5
365 875 5
368 847 5
373 445 9
376 208 5
377 525 5
383 576 5
384 455 5
393 635 5
398 51 5
401 802 5
403 687 5
407 151 5
412 97 5
413 773 5
420 738 5
424 561 5
424 670 5
433 540 5
435 937 5
438 417 5
443 783 5
450 185 5
450 856 5
456 368 5
463 295 5
474 428 9
475 743 5
475 840 5
482 432 5
488 523 5
491 815 5
492 501 5
497 622 5
497 954 5
501 894 5
503 789 5
505 409 5
508 514 5
519 457 5
521 812 5
523 614 1
523 896 5
524 466 5
537 249 5
537 784 5
538 633 5
540 877 5
544 664 5
552 10 6
555 39 5
555 677 5
560 37 5
564 700 8
572 772 5
575 584 5
578 725 5
586 563 5
586 862 5
589 196 9
600 565 5
601 285 5
601 870 5
609 963 5
612 986 5
613 435 5
614 250 5
614 393 5
632 588 5
650 617 5
653 668 5
655 622 5
659 314 5
660 726 5
662 733 5
666 790 5
667 692 5
668 901 5
669 412 5
673 871 5
680 936 5
681 153 5
693 60 5
693 110 8
697 581 5
698 14 2
710 654 5
711 281 5
714 392 5
717 416 6
718 279 9
725 587 5
731 634 5
732 618 5
733 519 5
734 624 5
736 173 5
742 920 5
748 304 5
761 775 5
763 804 5
769 863 5
773 858 5
777 139 5
779 330 5
781 479 5
783 182 8
784 955 5
794 649 5
795 453 1
795 660 5
804 104 5
807 189 5
807 962 5
809 754 5
811 978 5
827 412 5
831 911 5
841 532 5
850 689 8
854 849 8
855 789 5
856 468 1
857 676 5
860 670 9
862 343 5
863 38 5
869 519 5
870 87 1
872 23 5
875 904 5
876 709 5
877 827 5
878 357 5
884 201 5
884 328 5
891 168 5
899 282 5
900 66 5
908 825 5
908 989 5
917 620 1
920 510 5
923 237 5
924 895 5
926 349 5
929 102 5
929 774 9
930 272 5
935 841 5
940 364 5
944 14 8
947 667 5
963 918 5
970 920 5
971 985 8
985 875 5
986 578 5
992 112 6
992 246 5
993 935 5
996 965 5
GridOccNum 244
