 Time (s)          H  
 0.000E+00  0.000E+00
 0.314E-07  0.125E-03
 0.478E-07  0.129E-03
 0.606E-07  0.179E-03
 0.710E-07  0.213E-03
 0.812E-07  0.179E-03
 0.917E-07  0.200E-03
 0.101E-06  0.208E-03
 0.111E-06  0.221E-03
 0.120E-06  0.213E-03
 0.128E-06  0.254E-03
 0.136E-06  0.254E-03
 0.144E-06  0.254E-03
 0.151E-06  0.312E-03
 0.157E-06  0.308E-03
 0.163E-06  0.350E-03
 0.169E-06  0.342E-03
 0.175E-06  0.304E-03
 0.182E-06  0.304E-03
 0.188E-06  0.296E-03
 0.195E-06  0.333E-03
 0.200E-06  0.362E-03
 0.206E-06  0.358E-03
 0.211E-06  0.342E-03
 0.217E-06  0.362E-03
 0.222E-06  0.358E-03
 0.227E-06  0.350E-03
 0.233E-06  0.342E-03
 0.239E-06  0.308E-03
 0.245E-06  0.292E-03
 0.252E-06  0.325E-03
 0.258E-06  0.321E-03
 0.264E-06  0.350E-03
 0.270E-06  0.308E-03
 0.276E-06  0.362E-03
 0.281E-06  0.346E-03
 0.287E-06  0.346E-03
 0.293E-06  0.388E-03
 0.298E-06  0.400E-03
 0.303E-06  0.358E-03
 0.308E-06  0.375E-03
 0.313E-06  0.396E-03
 0.318E-06  0.358E-03
 0.324E-06  0.338E-03
 0.330E-06  0.333E-03
 0.336E-06  0.312E-03
 0.341E-06  0.362E-03
 0.347E-06  0.308E-03
 0.353E-06  0.329E-03
 0.359E-06  0.371E-03
 0.364E-06  0.379E-03
 0.369E-06  0.396E-03
 0.374E-06  0.388E-03
 0.379E-06  0.400E-03
 0.384E-06  0.396E-03
 0.390E-06  0.354E-03
 0.395E-06  0.333E-03
 0.401E-06  0.338E-03
 0.407E-06  0.346E-03
 0.413E-06  0.329E-03
 0.419E-06  0.342E-03
 0.424E-06  0.375E-03
 0.429E-06  0.417E-03
 0.433E-06  0.446E-03
 0.438E-06  0.425E-03
 0.442E-06  0.450E-03
 0.447E-06  0.429E-03
 0.451E-06  0.417E-03
 0.456E-06  0.425E-03
 0.461E-06  0.429E-03
 0.465E-06  0.450E-03
 0.469E-06  0.425E-03
 0.474E-06  0.446E-03
 0.479E-06  0.412E-03
 0.483E-06  0.458E-03
 0.488E-06  0.438E-03
 0.492E-06  0.400E-03
 0.497E-06  0.412E-03
 0.502E-06  0.404E-03
 0.507E-06  0.396E-03
 0.512E-06  0.396E-03
 0.517E-06  0.388E-03
 0.523E-06  0.358E-03
 0.527E-06  0.442E-03
 0.532E-06  0.442E-03
 0.536E-06  0.438E-03
 0.541E-06  0.404E-03
 0.546E-06  0.379E-03
 0.551E-06  0.404E-03
 0.556E-06  0.408E-03
 0.561E-06  0.354E-03
 0.566E-06  0.379E-03
 0.571E-06  0.417E-03
 0.577E-06  0.367E-03
 0.582E-06  0.371E-03
 0.587E-06  0.396E-03
 0.592E-06  0.379E-03
 0.597E-06  0.404E-03
 0.602E-06  0.429E-03
 0.607E-06  0.362E-03
 0.613E-06  0.312E-03
 0.620E-06  0.271E-03
 0.626E-06  0.308E-03
 0.633E-06  0.325E-03
 0.638E-06  0.350E-03
 0.644E-06  0.338E-03
 0.650E-06  0.358E-03
 0.655E-06  0.375E-03
 0.660E-06  0.367E-03
 0.665E-06  0.338E-03
 0.671E-06  0.375E-03
 0.676E-06  0.358E-03
 0.682E-06  0.346E-03
 0.688E-06  0.392E-03
 0.692E-06  0.421E-03
 0.697E-06  0.408E-03
 0.702E-06  0.425E-03
 0.707E-06  0.400E-03
 0.711E-06  0.421E-03
 0.716E-06  0.438E-03
 0.720E-06  0.421E-03
 0.725E-06  0.442E-03
 0.729E-06  0.450E-03
 0.734E-06  0.450E-03
 0.738E-06  0.408E-03
 0.743E-06  0.454E-03
 0.747E-06  0.446E-03
 0.752E-06  0.429E-03
 0.756E-06  0.421E-03
 0.761E-06  0.396E-03
 0.766E-06  0.404E-03
 0.771E-06  0.392E-03
 0.776E-06  0.408E-03
 0.781E-06  0.433E-03
 0.785E-06  0.404E-03
 0.790E-06  0.400E-03
 0.795E-06  0.392E-03
 0.800E-06  0.421E-03
 0.805E-06  0.429E-03
 0.809E-06  0.438E-03
 0.814E-06  0.350E-03
 0.820E-06  0.325E-03
 0.826E-06  0.367E-03
 0.831E-06  0.367E-03
 0.837E-06  0.342E-03
 0.842E-06  0.354E-03
 0.848E-06  0.354E-03
 0.853E-06  0.367E-03
 0.859E-06  0.358E-03
 0.864E-06  0.346E-03
 0.870E-06  0.350E-03
 0.875E-06  0.367E-03
 0.880E-06  0.400E-03
 0.886E-06  0.346E-03
 0.891E-06  0.342E-03
 0.897E-06  0.367E-03
 0.902E-06  0.338E-03
 0.908E-06  0.358E-03
 0.914E-06  0.371E-03
 0.919E-06  0.396E-03
 0.924E-06  0.383E-03
 0.929E-06  0.404E-03
 0.933E-06  0.408E-03
 0.938E-06  0.408E-03
 0.943E-06  0.438E-03
 0.948E-06  0.417E-03
 0.952E-06  0.412E-03
 0.957E-06  0.412E-03
 0.962E-06  0.417E-03
 0.967E-06  0.396E-03
 0.972E-06  0.396E-03
 0.977E-06  0.412E-03
 0.982E-06  0.392E-03
 0.987E-06  0.396E-03
 0.992E-06  0.375E-03
 0.997E-06  0.375E-03
 0.100E-05  0.383E-03
 0.101E-05  0.388E-03
 0.101E-05  0.371E-03
 0.102E-05  0.362E-03
 0.102E-05  0.388E-03
 0.103E-05  0.358E-03
 0.103E-05  0.354E-03
 0.104E-05  0.392E-03
 0.104E-05  0.396E-03
 0.105E-05  0.425E-03
 0.105E-05  0.450E-03
 0.106E-05  0.375E-03
 0.106E-05  0.417E-03
 0.107E-05  0.404E-03
 0.107E-05  0.446E-03
 0.108E-05  0.421E-03
 0.108E-05  0.404E-03
 0.109E-05  0.346E-03
 0.109E-05  0.317E-03
 0.110E-05  0.350E-03
 0.110E-05  0.392E-03
 0.111E-05  0.388E-03
 0.111E-05  0.396E-03
 0.112E-05  0.383E-03
 0.112E-05  0.388E-03
