 EdgeSiteNum:  100  100   49   49 
 EdgeOccNum:
   8    5    2    5 
  15   14    5    9 
  21   17    6   11 
  22   19    9   11 
  22   27   12   12 
  30   24   12   10 
  34   30   11   11 
  39   32   13   11 
  38   40   16   13 
  40   39   20   16 
  42   38   20   17 
  43   43   20   17 
  42   41   21   19 
  43   44   23   16 
  46   44   22   18 
  48   44   22   20 
  50   46   23   22 
  52   48   23   22 
  56   48   23   22 
  56   45   25   20 
  57   43   24   21 
  58   46   23   23 
  60   48   26   24 
  59   49   29   26 
  58   47   29   26 
  58   51   29   26 
  53   54   29   26 
  53   62   29   28 
  57   61   29   27 
  61   56   28   27 
  57   57   25   30 
  57   54   27   28 
  59   55   28   30 
  57   53   28   29 
  60   55   28   30 
  54   57   28   30 
  52   54   27   28 
  49   57   28   28 
  52   59   30   29 
  52   58   32   28 
  53   59   33   30 
  51   62   34   31 
  52   62   34   31 
  56   58   33   31 
  60   61   31   27 
  58   64   31   24 
  63   66   31   26 
  62   67   33   25 
  66   66   34   23 
  62   63   34   24 
  62   63   33   23 
  62   64   34   25 
  65   67   34   26 
  65   65   34   27 
  66   66   32   29 
  67   62   32   29 
  66   61   32   30 
  66   63   32   28 
  66   65   32   28 
  63   68   32   29 
  60   68   32   30 
  60   68   31   31 
  55   71   30   31 
  58   70   28   32 
  61   70   27   30 
  62   71   28   30 
  66   69   26   29 
  64   68   27   29 
  66   68   31   30 
  64   66   31   31 
  66   66   30   32 
  67   67   31   34 
  67   65   29   34 
  65   65   27   35 
  64   68   26   35 
  68   73   28   33 
  69   73   25   32 
  66   73   27   33 
  66   74   27   32 
  65   74   27   33 
  65   70   28   32 
  66   72   32   32 
  67   72   34   27 
  67   72   33   24 
  67   69   35   24 
  68   69   35   25 
  67   71   35   26 
  70   71   34   24 
  71   70   35   24 
  70   70   36   27 
  71   72   37   29 
  72   65   39   30 
  73   65   37   29 
  74   66   38   31 
  70   65   38   30 
  69   66   39   33 
  68   69   38   30 
  66   68   35   30 
  67   70   36   30 
  70   70   37   30 
  72   73   37   33 
  71   73   37   31 
  69   72   37   30 
  69   70   37   30 
  68   73   39   29 
  70   69   39   30 
  70   66   39   29 
  71   65   38   30 
  70   66   34   31 
  71   64   33   30 
  71   68   35   28 
  69   69   36   29 
  71   66   34   30 
  68   65   34   31 
  69   66   34   32 
  69   64   32   32 
  68   65   32   32 
  66   63   32   35 
  67   67   33   35 
  68   67   34   37 
  69   66   34   36 
  70   68   34   37 
  68   67   30   36 
  69   70   32   38 
  67   68   32   39 
  67   69   31   39 
  66   69   32   39 
  65   64   30   37 
  66   64   29   37 
  67   63   30   34 
  67   62   32   34 
  65   64   31   35 
  66   64   32   35 
  69   61   31   35 
  70   60   31   34 
  71   64   31   31 
  71   59   32   30 
  71   58   33   30 
  69   53   32   30 
  70   61   32   30 
  72   65   31   33 
  74   67   32   32 
  72   67   30   32 
  73   66   32   32 
  76   63   31   32 
  74   62   32   32 
  77   61   30   31 
  77   61   30   33 
  78   60   31   33 
  79   60   31   33 
  78   63   32   32 
  76   61   30   32 
  74   65   31   34 
  73   63   32   35 
  74   62   31   32 
  77   62   30   31 
  73   64   32   32 
  74   65   31   32 
  73   65   30   32 
  73   63   29   32 
  73   66   29   32 
  74   66   29   32 
  73   66   29   33 
  71   65   31   33 
  69   67   31   34 
  72   68   33   35 
  70   68   32   34 
  70   70   32   33 
  71   70   32   33 
  73   68   32   33 
  73   68   31   32 
  73   72   33   33 
  72   72   35   33 
  75   70   33   35 
  75   74   31   33 
  76   72   30   35 
  78   70   31   31 
  78   71   32   29 
  75   72   35   32 
  74   71   34   31 
  74   71   35   31 
  70   72   35   31 
  69   73   35   28 
  69   72   34   29 
  68   71   36   28 
  69   71   35   29 
  76   71   35   28 
  76   72   34   28 
  75   72   35   29 
  74   71   36   30 
  75   71   35   30 
  73   73   35   30 
  76   70   37   30 
  79   70   36   29 
  73   70   36   31 
  72   69   34   29 
  74   69   33   29 
  76   69   33   29 
  76   71   34   29 
  79   69   33   30 
