 Site Number: 240000
 Time (s)          H  
 0.000E+00         0 
 0.314E-07        30 
 0.478E-07        31 
 0.606E-07        43 
 0.710E-07        51 
 0.812E-07        43 
 0.917E-07        48 
 0.101E-06        50 
 0.111E-06        53 
 0.120E-06        51 
 0.128E-06        61 
 0.136E-06        61 
 0.144E-06        61 
 0.151E-06        75 
 0.157E-06        74 
 0.163E-06        84 
 0.169E-06        82 
 0.175E-06        73 
 0.182E-06        73 
 0.188E-06        71 
 0.195E-06        80 
 0.200E-06        87 
 0.206E-06        86 
 0.211E-06        82 
 0.217E-06        87 
 0.222E-06        86 
 0.227E-06        84 
 0.233E-06        82 
 0.239E-06        74 
 0.245E-06        70 
 0.252E-06        78 
 0.258E-06        77 
 0.264E-06        84 
 0.270E-06        74 
 0.276E-06        87 
 0.281E-06        83 
 0.287E-06        83 
 0.293E-06        93 
 0.298E-06        96 
 0.303E-06        86 
 0.308E-06        90 
 0.313E-06        95 
 0.318E-06        86 
 0.324E-06        81 
 0.330E-06        80 
 0.336E-06        75 
 0.341E-06        87 
 0.347E-06        74 
 0.353E-06        79 
 0.359E-06        89 
 0.364E-06        91 
 0.369E-06        95 
 0.374E-06        93 
 0.379E-06        96 
 0.384E-06        95 
 0.390E-06        85 
 0.395E-06        80 
 0.401E-06        81 
 0.407E-06        83 
 0.413E-06        79 
 0.419E-06        82 
 0.424E-06        90 
 0.429E-06       100 
 0.433E-06       107 
 0.438E-06       102 
 0.442E-06       108 
 0.447E-06       103 
 0.451E-06       100 
 0.456E-06       102 
 0.461E-06       103 
 0.465E-06       108 
 0.469E-06       102 
 0.474E-06       107 
 0.479E-06        99 
 0.483E-06       110 
 0.488E-06       105 
 0.492E-06        96 
 0.497E-06        99 
 0.502E-06        97 
 0.507E-06        95 
 0.512E-06        95 
 0.517E-06        93 
 0.523E-06        86 
 0.527E-06       106 
 0.532E-06       106 
 0.536E-06       105 
 0.541E-06        97 
 0.546E-06        91 
 0.551E-06        97 
 0.556E-06        98 
 0.561E-06        85 
 0.566E-06        91 
 0.571E-06       100 
 0.577E-06        88 
 0.582E-06        89 
 0.587E-06        95 
 0.592E-06        91 
 0.597E-06        97 
 0.602E-06       103 
 0.607E-06        87 
 0.613E-06        75 
 0.620E-06        65 
 0.626E-06        74 
 0.633E-06        78 
 0.638E-06        84 
 0.644E-06        81 
 0.650E-06        86 
 0.655E-06        90 
 0.660E-06        88 
 0.665E-06        81 
 0.671E-06        90 
 0.676E-06        86 
 0.682E-06        83 
 0.688E-06        94 
 0.692E-06       101 
 0.697E-06        98 
 0.702E-06       102 
 0.707E-06        96 
 0.711E-06       101 
 0.716E-06       105 
 0.720E-06       101 
 0.725E-06       106 
 0.729E-06       108 
 0.734E-06       108 
 0.738E-06        98 
 0.743E-06       109 
 0.747E-06       107 
 0.752E-06       103 
 0.756E-06       101 
 0.761E-06        95 
 0.766E-06        97 
 0.771E-06        94 
 0.776E-06        98 
 0.781E-06       104 
 0.785E-06        97 
 0.790E-06        96 
 0.795E-06        94 
 0.800E-06       101 
 0.805E-06       103 
 0.809E-06       105 
 0.814E-06        84 
 0.820E-06        78 
 0.826E-06        88 
 0.831E-06        88 
 0.837E-06        82 
 0.842E-06        85 
 0.848E-06        85 
 0.853E-06        88 
 0.859E-06        86 
 0.864E-06        83 
 0.870E-06        84 
 0.875E-06        88 
 0.880E-06        96 
 0.886E-06        83 
 0.891E-06        82 
 0.897E-06        88 
 0.902E-06        81 
 0.908E-06        86 
 0.914E-06        89 
 0.919E-06        95 
 0.924E-06        92 
 0.929E-06        97 
 0.933E-06        98 
 0.938E-06        98 
 0.943E-06       105 
 0.948E-06       100 
 0.952E-06        99 
 0.957E-06        99 
 0.962E-06       100 
 0.967E-06        95 
 0.972E-06        95 
 0.977E-06        99 
 0.982E-06        94 
 0.987E-06        95 
 0.992E-06        90 
 0.997E-06        90 
 0.100E-05        92 
 0.101E-05        93 
 0.101E-05        89 
 0.102E-05        87 
 0.102E-05        93 
 0.103E-05        86 
 0.103E-05        85 
 0.104E-05        94 
 0.104E-05        95 
 0.105E-05       102 
 0.105E-05       108 
 0.106E-05        90 
 0.106E-05       100 
 0.107E-05        97 
 0.107E-05       107 
 0.108E-05       101 
 0.108E-05        97 
 0.109E-05        83 
 0.109E-05        76 
 0.110E-05        84 
 0.110E-05        94 
 0.111E-05        93 
 0.111E-05        95 
 0.112E-05        92 
 0.112E-05        93 
