NumberOfSpeciesType  1
NumberOfEachSpecies 
93 

GridOcc
1 211 1
12 129 1
12 312 1
19 148 1
23 168 1
32 15 1
37 168 1
40 172 1
42 27 1
47 227 1
73 132 1
83 63 1
90 131 1
111 308 1
117 276 1
122 253 1
123 190 1
130 94 1
130 354 1
154 79 1
157 173 1
158 204 1
159 316 1
162 167 1
168 98 1
168 183 1
169 358 1
179 488 1
180 263 1
186 92 1
201 453 1
203 125 1
204 324 1
208 151 1
217 331 1
231 64 1
233 419 1
234 154 1
236 481 1
241 118 1
242 186 1
243 98 1
248 87 1
252 136 1
266 13 1
270 105 1
273 172 1
285 479 1
292 391 1
295 14 1
309 90 1
314 216 1
317 370 1
326 496 1
329 411 1
336 100 1
336 212 1
337 144 1
348 253 1
351 114 1
360 164 1
364 235 1
365 121 1
374 5 1
377 412 1
381 380 1
389 294 1
391 156 1
396 110 1
398 278 1
401 106 1
406 471 1
418 384 1
424 497 1
426 114 1
427 498 1
429 407 1
440 110 1
441 363 1
443 194 1
444 326 1
447 149 1
448 123 1
448 284 1
449 345 1
452 50 1
456 117 1
457 39 1
466 337 1
474 61 1
479 137 1
482 138 1
496 293 1
GridOccNum 93

EdgeSiteNum
  100   100    49    49 
  100   100    49    49 
  100   100    49    49 
  100   100    49    49 

EdgeOccNum
   79    69    33    30 
   79    69    33    30 
   79    69    33    30 
   79    69    33    30 

Edge1
1 1 1 1 1 0 1 1 1 0 1 1 1 0 1 0 1 0 1 1 1 1 1 1 1 1 1 0 1 1 1 1 1 1 1 1 1 1 1 1 0 1 1 1 1 1 1 0 0 0 1 1 0 1 0 1 1 1 1 1 1 1 0 1 1 0 1 1 1 1 1 1 1 1 1 1 0 1 1 1 1 1 1 0 1 1 1 0 0 0 1 1 1 1 1 1 0 1 1 0 
Edge2
0 0 1 0 1 1 1 1 1 1 1 1 1 0 0 1 1 1 0 0 1 1 1 1 0 1 1 1 1 1 1 0 0 0 1 0 1 1 0 1 0 0 1 1 0 1 1 1 1 0 1 1 0 1 0 0 0 0 1 1 1 1 1 1 1 1 1 1 1 1 0 1 1 1 1 1 1 1 0 0 1 1 0 0 0 1 1 1 1 0 1 1 1 1 1 0 1 1 0 1 
Edge3
1 1 1 0 1 1 0 1 1 1 1 1 1 1 0 0 1 1 0 0 1 1 0 1 0 1 0 1 0 1 1 1 1 1 0 0 1 1 1 1 1 1 1 0 0 1 1 0 0 
Edge4
1 1 1 0 0 1 1 1 1 1 1 0 0 0 1 1 1 1 0 1 1 1 0 0 1 1 1 1 1 0 1 0 0 0 0 0 0 1 0 0 0 1 1 1 0 1 1 1 1 
