 Time (s)          H  
 0.000E+00  0.000E+00
 0.126E-06  0.250E-04
 0.185E-06  0.625E-04
 0.220E-06  0.667E-04
 0.254E-06  0.333E-04
 0.304E-06  0.625E-04
 0.335E-06  0.833E-04
 0.368E-06  0.500E-04
 0.408E-06  0.625E-04
 0.435E-06  0.667E-04
 0.465E-06  0.708E-04
 0.491E-06  0.750E-04
 0.516E-06  0.875E-04
 0.538E-06  0.917E-04
 0.564E-06  0.750E-04
 0.587E-06  0.792E-04
 0.608E-06  0.958E-04
 0.632E-06  0.625E-04
 0.660E-06  0.833E-04
 0.688E-06  0.708E-04
 0.714E-06  0.875E-04
 0.737E-06  0.917E-04
 0.763E-06  0.875E-04
 0.784E-06  0.833E-04
 0.808E-06  0.875E-04
 0.830E-06  0.750E-04
 0.854E-06  0.792E-04
 0.874E-06  0.958E-04
 0.895E-06  0.125E-03
 0.916E-06  0.833E-04
 0.934E-06  0.112E-03
 0.955E-06  0.833E-04
 0.978E-06  0.833E-04
 0.101E-05  0.583E-04
 0.103E-05  0.112E-03
 0.105E-05  0.108E-03
 0.107E-05  0.125E-03
 0.109E-05  0.104E-03
 0.110E-05  0.112E-03
 0.112E-05  0.142E-03
 0.113E-05  0.958E-04
 0.115E-05  0.117E-03
 0.117E-05  0.917E-04
 0.119E-05  0.708E-04
 0.122E-05  0.833E-04
 0.124E-05  0.958E-04
 0.126E-05  0.104E-03
 0.128E-05  0.100E-03
 0.130E-05  0.875E-04
 0.132E-05  0.100E-03
 0.134E-05  0.129E-03
 0.136E-05  0.917E-04
 0.138E-05  0.121E-03
 0.140E-05  0.117E-03
 0.141E-05  0.125E-03
 0.143E-05  0.121E-03
 0.144E-05  0.146E-03
 0.146E-05  0.104E-03
 0.148E-05  0.112E-03
 0.150E-05  0.917E-04
 0.152E-05  0.112E-03
 0.154E-05  0.875E-04
 0.156E-05  0.100E-03
 0.158E-05  0.133E-03
 0.159E-05  0.133E-03
 0.161E-05  0.142E-03
 0.162E-05  0.188E-03
 0.163E-05  0.175E-03
 0.164E-05  0.163E-03
 0.165E-05  0.142E-03
 0.167E-05  0.104E-03
 0.168E-05  0.129E-03
 0.170E-05  0.142E-03
 0.171E-05  0.129E-03
 0.173E-05  0.154E-03
 0.174E-05  0.146E-03
 0.175E-05  0.121E-03
 0.177E-05  0.121E-03
 0.179E-05  0.112E-03
 0.180E-05  0.875E-04
 0.182E-05  0.108E-03
 0.184E-05  0.125E-03
 0.185E-05  0.133E-03
 0.187E-05  0.142E-03
 0.188E-05  0.129E-03
 0.190E-05  0.125E-03
 0.192E-05  0.112E-03
 0.193E-05  0.100E-03
 0.195E-05  0.121E-03
 0.197E-05  0.137E-03
 0.198E-05  0.104E-03
 0.200E-05  0.133E-03
 0.201E-05  0.142E-03
 0.203E-05  0.112E-03
 0.205E-05  0.112E-03
 0.206E-05  0.146E-03
 0.208E-05  0.117E-03
 0.209E-05  0.150E-03
 0.210E-05  0.154E-03
 0.212E-05  0.133E-03
 0.213E-05  0.142E-03
 0.215E-05  0.125E-03
 0.216E-05  0.100E-03
 0.218E-05  0.125E-03
 0.220E-05  0.125E-03
 0.222E-05  0.100E-03
 0.223E-05  0.104E-03
 0.225E-05  0.100E-03
 0.227E-05  0.875E-04
 0.229E-05  0.133E-03
 0.231E-05  0.133E-03
 0.232E-05  0.125E-03
 0.234E-05  0.104E-03
 0.236E-05  0.129E-03
 0.237E-05  0.125E-03
 0.239E-05  0.146E-03
 0.240E-05  0.104E-03
 0.242E-05  0.104E-03
 0.244E-05  0.708E-04
 0.247E-05  0.917E-04
 0.249E-05  0.875E-04
 0.251E-05  0.100E-03
 0.253E-05  0.100E-03
 0.255E-05  0.100E-03
 0.257E-05  0.121E-03
 0.258E-05  0.142E-03
 0.260E-05  0.121E-03
 0.261E-05  0.117E-03
 0.263E-05  0.117E-03
 0.265E-05  0.958E-04
 0.266E-05  0.104E-03
 0.268E-05  0.108E-03
 0.270E-05  0.100E-03
 0.272E-05  0.108E-03
 0.273E-05  0.121E-03
 0.275E-05  0.112E-03
 0.277E-05  0.100E-03
 0.279E-05  0.104E-03
 0.280E-05  0.121E-03
 0.282E-05  0.117E-03
 0.284E-05  0.150E-03
 0.285E-05  0.129E-03
 0.287E-05  0.125E-03
 0.288E-05  0.958E-04
 0.290E-05  0.108E-03
 0.292E-05  0.137E-03
 0.294E-05  0.112E-03
 0.296E-05  0.117E-03
 0.297E-05  0.112E-03
 0.299E-05  0.112E-03
 0.301E-05  0.137E-03
 0.303E-05  0.104E-03
 0.304E-05  0.150E-03
 0.306E-05  0.133E-03
 0.307E-05  0.125E-03
 0.309E-05  0.112E-03
 0.310E-05  0.133E-03
 0.313E-05  0.875E-04
 0.315E-05  0.117E-03
 0.316E-05  0.150E-03
 0.317E-05  0.142E-03
 0.319E-05  0.142E-03
 0.320E-05  0.137E-03
 0.322E-05  0.121E-03
 0.323E-05  0.163E-03
 0.324E-05  0.146E-03
 0.326E-05  0.163E-03
 0.327E-05  0.158E-03
 0.329E-05  0.112E-03
 0.330E-05  0.958E-04
 0.332E-05  0.146E-03
 0.334E-05  0.112E-03
 0.336E-05  0.100E-03
 0.337E-05  0.129E-03
 0.339E-05  0.142E-03
 0.340E-05  0.137E-03
 0.342E-05  0.125E-03
 0.343E-05  0.133E-03
 0.345E-05  0.137E-03
 0.346E-05  0.125E-03
 0.348E-05  0.129E-03
 0.349E-05  0.133E-03
 0.351E-05  0.150E-03
 0.352E-05  0.875E-04
 0.354E-05  0.133E-03
 0.356E-05  0.112E-03
 0.358E-05  0.146E-03
 0.359E-05  0.146E-03
 0.360E-05  0.121E-03
 0.362E-05  0.137E-03
 0.363E-05  0.158E-03
 0.365E-05  0.146E-03
 0.367E-05  0.108E-03
 0.368E-05  0.958E-04
 0.371E-05  0.108E-03
 0.372E-05  0.125E-03
 0.374E-05  0.125E-03
 0.375E-05  0.137E-03
 0.376E-05  0.163E-03
 0.378E-05  0.175E-03
 0.379E-05  0.171E-03
