 EdgeSiteNum:  100  100   49   49 
 EdgeOccNum:
   4    3    2    3 
   6    5    2    4 
  10    6    4    4 
  15    9    8    6 
  18   10    6    5 
  17    7    4    6 
  17   15    8    4 
  16   14    9    8 
   9   22   11   10 
   9   20   15   11 
  10   14   12   12 
  13   19   11   12 
  17   18   12    9 
  21   19   10   16 
  22   23    9   13 
  25   19   11   12 
  24   19   12   14 
  20   19   14   13 
  22   19   12   18 
  20   25   11   13 
  20   25   11   14 
  21   24   13   13 
  25   24   12   11 
  26   26    9   10 
  30   24   11   11 
  33   22   12   10 
  25   23   15   14 
  22   22   11   17 
  25   30   13   16 
  23   25   16   17 
  26   28   18   16 
  27   23   20   18 
  24   28   20   18 
  21   25   22   13 
  24   28   20   12 
  22   30   17   13 
  23   27   17   16 
  22   23   19   15 
  22   23   20   13 
  25   31   17   14 
  26   29   16   13 
  28   30   17   11 
  29   32   19   11 
  25   33   18   10 
  26   33   16   10 
  26   33   18   10 
  26   32   19    9 
  28   31   17   11 
  29   34   16   11 
  26   29   15   11 
  27   35   14   14 
  27   35   15   14 
  30   34   17   13 
  28   32   18   14 
  29   30   18   16 
  31   25   19   16 
  29   28   20   20 
  32   29   17   17 
  34   27   19   16 
  31   30   17   21 
  38   33   19   23 
  37   33   18   24 
  34   30   18   24 
  33   25   21   27 
  34   24   21   25 
  33   26   17   21 
  37   25   18   20 
  37   25   19   20 
  35   28   20   23 
  40   25   21   21 
  40   25   22   20 
  39   29   21   19 
  40   34   17   20 
  42   25   15   19 
  43   27   17   16 
  40   28   19   18 
  41   29   19   16 
  43   29   19   14 
  43   31   18   19 
  43   27   19   17 
  40   26   18   18 
  45   24   22   13 
  40   27   25   10 
  45   26   22   12 
  46   31   19   14 
  48   25   21   15 
  48   23   21   16 
  40   23   22   18 
  41   23   23   18 
  41   33   17   20 
  41   33   16   20 
  39   36   15   18 
  43   34   16   22 
  44   35   18   22 
  42   34   17   22 
  46   36   17   23 
  48   32   16   20 
  51   31   15   22 
  49   33   16   22 
  44   32   20   22 
  44   34   22   22 
  50   39   16   21 
  47   34   16   21 
  43   34   14   23 
  42   35   12   25 
  41   38   14   24 
  38   38   17   25 
  41   39   18   25 
  42   31   15   24 
  40   31   13   24 
  42   33   12   21 
  40   32   14   25 
  44   27   13   21 
  41   29   13   21 
  40   26   13   20 
  39   28   12   22 
  36   35    7   21 
  36   37    9   19 
  33   34   11   24 
  36   37    7   23 
  37   32    8   23 
  40   33    8   21 
  43   35    6   20 
  40   35    7   17 
  38   33   10   15 
  36   33    9   17 
  32   39    8   19 
  34   34    9   19 
  38   33   10   18 
  34   30   14   23 
  34   29   16   19 
  35   30   16   21 
  34   31   14   25 
  32   32   13   24 
  37   32   13   21 
  38   35   13   18 
  34   38   13   18 
  34   35   16   14 
  33   30   18   17 
  30   34   15   19 
  30   34   16   17 
  28   35   17   16 
  33   33   15   18 
  34   29   14   21 
  36   28   16   17 
  35   26   17   25 
  37   29   17   27 
  39   31   17   26 
  40   33   15   21 
  40   31   18   20 
  35   33   20   23 
  37   29   16   24 
  38   30   17   25 
  36   31   21   22 
  37   33   21   20 
  35   32   19   20 
  42   37   18   22 
  41   34   16   25 
  39   33   13   23 
  41   33   13   23 
  43   39   11   23 
  39   38   14   22 
  40   34   16   23 
  38   33   13   23 
  37   36   15   21 
  28   36   20   25 
  30   34   19   25 
  35   37   18   27 
  41   34   20   26 
  38   25   22   30 
  44   26   22   31 
  39   33   22   30 
  34   30   24   31 
  35   30   21   32 
  37   31   20   31 
  40   33   18   31 
  41   38   19   30 
  44   38   17   30 
  39   39   22   30 
  38   40   21   28 
  38   41   21   26 
  40   38   22   22 
  46   44   26   21 
  43   38   24   21 
  41   37   25   22 
  36   36   26   23 
  40   37   23   23 
  45   39   26   23 
  46   34   26   23 
  45   34   23   22 
  42   36   24   23 
  45   36   27   24 
  42   41   27   21 
  42   43   25   20 
  46   38   22   22 
  43   41   22   24 
  43   42   20   22 
  43   34   18   24 
  47   32   15   20 
  48   30   17   20 
