 Site Number: 240000
 Time (s)          H  
 0.000E+00         0 
 0.126E-06         6 
 0.185E-06        15 
 0.220E-06        16 
 0.254E-06         8 
 0.304E-06        15 
 0.335E-06        20 
 0.368E-06        12 
 0.408E-06        15 
 0.435E-06        16 
 0.465E-06        17 
 0.491E-06        18 
 0.516E-06        21 
 0.538E-06        22 
 0.564E-06        18 
 0.587E-06        19 
 0.608E-06        23 
 0.632E-06        15 
 0.660E-06        20 
 0.688E-06        17 
 0.714E-06        21 
 0.737E-06        22 
 0.763E-06        21 
 0.784E-06        20 
 0.808E-06        21 
 0.830E-06        18 
 0.854E-06        19 
 0.874E-06        23 
 0.895E-06        30 
 0.916E-06        20 
 0.934E-06        27 
 0.955E-06        20 
 0.978E-06        20 
 0.101E-05        14 
 0.103E-05        27 
 0.105E-05        26 
 0.107E-05        30 
 0.109E-05        25 
 0.110E-05        27 
 0.112E-05        34 
 0.113E-05        23 
 0.115E-05        28 
 0.117E-05        22 
 0.119E-05        17 
 0.122E-05        20 
 0.124E-05        23 
 0.126E-05        25 
 0.128E-05        24 
 0.130E-05        21 
 0.132E-05        24 
 0.134E-05        31 
 0.136E-05        22 
 0.138E-05        29 
 0.140E-05        28 
 0.141E-05        30 
 0.143E-05        29 
 0.144E-05        35 
 0.146E-05        25 
 0.148E-05        27 
 0.150E-05        22 
 0.152E-05        27 
 0.154E-05        21 
 0.156E-05        24 
 0.158E-05        32 
 0.159E-05        32 
 0.161E-05        34 
 0.162E-05        45 
 0.163E-05        42 
 0.164E-05        39 
 0.165E-05        34 
 0.167E-05        25 
 0.168E-05        31 
 0.170E-05        34 
 0.171E-05        31 
 0.173E-05        37 
 0.174E-05        35 
 0.175E-05        29 
 0.177E-05        29 
 0.179E-05        27 
 0.180E-05        21 
 0.182E-05        26 
 0.184E-05        30 
 0.185E-05        32 
 0.187E-05        34 
 0.188E-05        31 
 0.190E-05        30 
 0.192E-05        27 
 0.193E-05        24 
 0.195E-05        29 
 0.197E-05        33 
 0.198E-05        25 
 0.200E-05        32 
 0.201E-05        34 
 0.203E-05        27 
 0.205E-05        27 
 0.206E-05        35 
 0.208E-05        28 
 0.209E-05        36 
 0.210E-05        37 
 0.212E-05        32 
 0.213E-05        34 
 0.215E-05        30 
 0.216E-05        24 
 0.218E-05        30 
 0.220E-05        30 
 0.222E-05        24 
 0.223E-05        25 
 0.225E-05        24 
 0.227E-05        21 
 0.229E-05        32 
 0.231E-05        32 
 0.232E-05        30 
 0.234E-05        25 
 0.236E-05        31 
 0.237E-05        30 
 0.239E-05        35 
 0.240E-05        25 
 0.242E-05        25 
 0.244E-05        17 
 0.247E-05        22 
 0.249E-05        21 
 0.251E-05        24 
 0.253E-05        24 
 0.255E-05        24 
 0.257E-05        29 
 0.258E-05        34 
 0.260E-05        29 
 0.261E-05        28 
 0.263E-05        28 
 0.265E-05        23 
 0.266E-05        25 
 0.268E-05        26 
 0.270E-05        24 
 0.272E-05        26 
 0.273E-05        29 
 0.275E-05        27 
 0.277E-05        24 
 0.279E-05        25 
 0.280E-05        29 
 0.282E-05        28 
 0.284E-05        36 
 0.285E-05        31 
 0.287E-05        30 
 0.288E-05        23 
 0.290E-05        26 
 0.292E-05        33 
 0.294E-05        27 
 0.296E-05        28 
 0.297E-05        27 
 0.299E-05        27 
 0.301E-05        33 
 0.303E-05        25 
 0.304E-05        36 
 0.306E-05        32 
 0.307E-05        30 
 0.309E-05        27 
 0.310E-05        32 
 0.313E-05        21 
 0.315E-05        28 
 0.316E-05        36 
 0.317E-05        34 
 0.319E-05        34 
 0.320E-05        33 
 0.322E-05        29 
 0.323E-05        39 
 0.324E-05        35 
 0.326E-05        39 
 0.327E-05        38 
 0.329E-05        27 
 0.330E-05        23 
 0.332E-05        35 
 0.334E-05        27 
 0.336E-05        24 
 0.337E-05        31 
 0.339E-05        34 
 0.340E-05        33 
 0.342E-05        30 
 0.343E-05        32 
 0.345E-05        33 
 0.346E-05        30 
 0.348E-05        31 
 0.349E-05        32 
 0.351E-05        36 
 0.352E-05        21 
 0.354E-05        32 
 0.356E-05        27 
 0.358E-05        35 
 0.359E-05        35 
 0.360E-05        29 
 0.362E-05        33 
 0.363E-05        38 
 0.365E-05        35 
 0.367E-05        26 
 0.368E-05        23 
 0.371E-05        26 
 0.372E-05        30 
 0.374E-05        30 
 0.375E-05        33 
 0.376E-05        39 
 0.378E-05        42 
 0.379E-05        41 
