NumberOfSpeciesType  1
NumberOfEachSpecies 
41 

GridOcc
36 271 1
52 183 1
72 13 1
73 56 1
74 492 1
80 179 1
81 219 1
87 338 1
87 489 1
99 499 1
144 116 1
149 191 1
159 117 1
161 144 1
167 146 1
195 150 1
197 54 1
202 13 1
203 350 1
241 402 1
245 90 1
252 472 1
284 160 1
310 64 1
310 364 1
322 397 1
324 82 1
328 403 1
333 337 1
344 156 1
354 27 1
366 249 1
398 38 1
403 183 1
404 47 1
412 389 1
423 8 1
426 159 1
443 485 1
470 14 1
480 85 1
GridOccNum 41

EdgeSiteNum
  100   100    49    49 
  100   100    49    49 
  100   100    49    49 
  100   100    49    49 

EdgeOccNum
   48    30    17    20 
   48    30    17    20 
   48    30    17    20 
   48    30    17    20 

Edge1
1 0 1 0 0 0 0 0 0 1 0 0 1 1 0 0 0 0 1 1 1 1 0 0 1 1 1 1 0 1 1 0 1 1 1 0 1 0 0 1 0 1 0 1 1 1 1 0 0 0 1 1 1 1 1 0 1 1 1 1 1 0 1 1 0 1 1 0 0 0 0 0 0 1 0 0 0 1 0 1 1 1 0 1 0 0 0 0 0 0 0 0 0 0 1 1 0 0 1 0 
Edge2
0 0 0 0 0 0 0 0 0 0 0 0 1 0 1 1 0 1 0 0 0 0 1 0 0 0 0 0 0 0 0 0 0 1 1 1 1 1 0 0 0 1 0 0 0 1 0 1 1 0 0 1 0 0 0 1 1 1 1 0 0 0 1 0 1 0 0 0 0 1 1 1 0 0 0 0 0 0 0 0 0 1 1 1 0 0 0 0 1 0 0 0 0 0 0 0 0 1 1 0 
Edge3
1 0 1 0 1 0 0 0 1 0 0 1 0 0 1 0 0 0 0 1 1 1 1 0 0 0 0 0 0 0 0 0 1 0 0 1 1 1 0 0 0 1 0 0 0 0 1 1 0 
Edge4
0 1 0 0 0 0 0 1 1 0 0 1 1 1 1 1 0 0 0 0 1 1 0 1 1 1 0 0 1 1 1 1 0 0 0 1 0 1 0 0 0 0 0 0 1 0 0 0 0 
