 Time (s)          H  
 0.000E+00  0.000E+00
 0.755E-06  0.167E-04
 0.945E-06  0.125E-04
 0.125E-05  0.833E-05
 0.147E-05  0.167E-04
 0.163E-05  0.125E-04
 0.177E-05  0.125E-04
 0.193E-05  0.417E-05
 0.213E-05  0.250E-04
 0.229E-05  0.833E-05
 0.253E-05  0.833E-05
 0.272E-05  0.250E-04
 0.285E-05  0.292E-04
 0.303E-05  0.208E-04
 0.315E-05  0.333E-04
 0.324E-05  0.292E-04
 0.336E-05  0.125E-04
 0.350E-05  0.208E-04
 0.357E-05  0.292E-04
 0.364E-05  0.250E-04
 0.371E-05  0.333E-04
 0.378E-05  0.292E-04
 0.384E-05  0.292E-04
 0.391E-05  0.292E-04
 0.398E-05  0.375E-04
 0.406E-05  0.375E-04
 0.412E-05  0.375E-04
 0.421E-05  0.250E-04
 0.428E-05  0.417E-04
 0.435E-05  0.250E-04
 0.443E-05  0.292E-04
 0.453E-05  0.208E-04
 0.464E-05  0.250E-04
 0.469E-05  0.458E-04
 0.474E-05  0.208E-04
 0.483E-05  0.292E-04
 0.491E-05  0.375E-04
 0.499E-05  0.125E-04
 0.507E-05  0.375E-04
 0.511E-05  0.375E-04
 0.518E-05  0.333E-04
 0.524E-05  0.292E-04
 0.534E-05  0.292E-04
 0.545E-05  0.125E-04
 0.552E-05  0.208E-04
 0.564E-05  0.167E-04
 0.574E-05  0.333E-04
 0.581E-05  0.250E-04
 0.590E-05  0.333E-04
 0.600E-05  0.333E-04
 0.608E-05  0.292E-04
 0.618E-05  0.292E-04
 0.624E-05  0.250E-04
 0.630E-05  0.500E-04
 0.639E-05  0.292E-04
 0.646E-05  0.208E-04
 0.655E-05  0.333E-04
 0.662E-05  0.458E-04
 0.671E-05  0.167E-04
 0.679E-05  0.250E-04
 0.684E-05  0.417E-04
 0.693E-05  0.417E-04
 0.699E-05  0.208E-04
 0.705E-05  0.375E-04
 0.713E-05  0.375E-04
 0.718E-05  0.417E-04
 0.724E-05  0.333E-04
 0.732E-05  0.250E-04
 0.738E-05  0.167E-04
 0.746E-05  0.500E-04
 0.750E-05  0.292E-04
 0.758E-05  0.292E-04
 0.763E-05  0.583E-04
 0.770E-05  0.292E-04
 0.777E-05  0.375E-04
 0.784E-05  0.167E-04
 0.795E-05  0.167E-04
 0.802E-05  0.292E-04
 0.807E-05  0.292E-04
 0.812E-05  0.500E-04
 0.816E-05  0.500E-04
 0.823E-05  0.375E-04
 0.829E-05  0.333E-04
 0.836E-05  0.375E-04
 0.843E-05  0.333E-04
 0.850E-05  0.292E-04
 0.856E-05  0.292E-04
 0.861E-05  0.583E-04
 0.865E-05  0.333E-04
 0.868E-05  0.417E-04
 0.873E-05  0.625E-04
 0.877E-05  0.500E-04
 0.881E-05  0.458E-04
 0.885E-05  0.458E-04
 0.891E-05  0.333E-04
 0.898E-05  0.333E-04
 0.903E-05  0.625E-04
 0.908E-05  0.417E-04
 0.914E-05  0.500E-04
 0.918E-05  0.542E-04
 0.923E-05  0.583E-04
 0.929E-05  0.250E-04
 0.934E-05  0.333E-04
 0.939E-05  0.375E-04
 0.944E-05  0.458E-04
 0.950E-05  0.333E-04
 0.954E-05  0.375E-04
 0.959E-05  0.458E-04
 0.964E-05  0.500E-04
 0.968E-05  0.500E-04
 0.973E-05  0.250E-04
 0.979E-05  0.333E-04
 0.984E-05  0.500E-04
 0.989E-05  0.250E-04
 0.997E-05  0.375E-04
 0.100E-04  0.417E-04
 0.101E-04  0.333E-04
 0.101E-04  0.417E-04
 0.102E-04  0.333E-04
 0.102E-04  0.250E-04
 0.103E-04  0.292E-04
 0.104E-04  0.583E-04
 0.104E-04  0.458E-04
 0.105E-04  0.250E-04
 0.105E-04  0.375E-04
 0.106E-04  0.292E-04
 0.106E-04  0.625E-04
 0.107E-04  0.292E-04
 0.107E-04  0.458E-04
 0.108E-04  0.333E-04
 0.108E-04  0.250E-04
 0.109E-04  0.208E-04
 0.110E-04  0.583E-04
 0.110E-04  0.583E-04
 0.110E-04  0.500E-04
 0.111E-04  0.375E-04
 0.111E-04  0.458E-04
 0.112E-04  0.292E-04
 0.112E-04  0.250E-04
 0.113E-04  0.417E-04
 0.113E-04  0.542E-04
 0.114E-04  0.500E-04
 0.114E-04  0.292E-04
 0.115E-04  0.375E-04
 0.115E-04  0.333E-04
 0.116E-04  0.500E-04
 0.116E-04  0.542E-04
 0.117E-04  0.292E-04
 0.117E-04  0.167E-04
 0.118E-04  0.292E-04
 0.119E-04  0.375E-04
 0.119E-04  0.208E-04
 0.120E-04  0.375E-04
 0.121E-04  0.375E-04
 0.121E-04  0.208E-04
 0.122E-04  0.375E-04
 0.123E-04  0.417E-04
 0.123E-04  0.417E-04
 0.124E-04  0.542E-04
 0.124E-04  0.375E-04
 0.125E-04  0.250E-04
 0.125E-04  0.292E-04
 0.125E-04  0.667E-04
 0.126E-04  0.458E-04
 0.126E-04  0.667E-04
 0.127E-04  0.333E-04
 0.127E-04  0.417E-04
 0.128E-04  0.792E-04
 0.128E-04  0.417E-04
 0.128E-04  0.708E-04
 0.129E-04  0.542E-04
 0.129E-04  0.458E-04
 0.130E-04  0.542E-04
 0.130E-04  0.542E-04
 0.130E-04  0.542E-04
 0.131E-04  0.875E-04
 0.131E-04  0.667E-04
 0.131E-04  0.500E-04
 0.132E-04  0.417E-04
 0.132E-04  0.583E-04
 0.133E-04  0.333E-04
 0.133E-04  0.667E-04
 0.134E-04  0.500E-04
 0.134E-04  0.500E-04
 0.134E-04  0.500E-04
 0.135E-04  0.708E-04
 0.135E-04  0.500E-04
 0.136E-04  0.333E-04
 0.136E-04  0.458E-04
 0.137E-04  0.500E-04
 0.137E-04  0.375E-04
 0.138E-04  0.500E-04
 0.138E-04  0.583E-04
 0.138E-04  0.333E-04
 0.139E-04  0.125E-04
 0.139E-04  0.750E-04
 0.140E-04  0.458E-04
 0.140E-04  0.375E-04
 0.141E-04  0.167E-04
 0.142E-04  0.583E-04
 0.142E-04  0.333E-04
