 EdgeSiteNum:  100  100   49   49 
 EdgeOccNum:
   0    1    1    2 
   3    2    1    5 
   5    6    1    4 
   4    7    1    4 
   9    7    4    1 
   7    8    5    1 
   6   13    2    2 
   5    9    3    3 
   5   11    7    1 
   7   12    6    3 
   9   11    6    4 
  13   10    5    3 
  15   10    5    5 
  17   10    3    6 
  19   11    4    5 
  18   15    6    6 
  17   13    7    8 
  21   13    6    7 
  17   16    9    6 
  19   18    9    4 
  20   14   12    3 
  20   14   11    4 
  20   13   10    6 
  22   16    8    3 
  19   17    9    6 
  20   16    8    9 
  22   18    7    7 
  18   17    7    8 
  23   15    8   10 
  22   16    7   10 
  18   20   12   11 
  13   27    8   12 
  10   28    8   13 
  11   30   10   14 
  17   27   10    9 
  18   22    9   12 
  16   27   15   11 
  15   23   16    9 
  13   23   15   12 
  17   24   12   11 
  20   22   12   11 
  21   20   11   11 
  20   24    8   15 
  15   27   10   11 
  19   22    8   13 
  16   25    8   11 
  17   22   12   11 
  15   22   13   12 
  17   19   11   15 
  13   23   13   14 
  17   18   11   15 
  17   18   13   18 
  16   16   10   18 
  22   20   10   13 
  18   22   16   11 
  12   29   17    6 
  14   25   14    8 
  20   27   13    8 
  17   28   14    7 
  19   25   10    8 
  24   18   12    8 
  26   16   11   14 
  24   17   14   14 
  22   20   12   15 
  23   22   12   13 
  29   21   11   11 
  30   21   10   11 
  32   19   12   15 
  29   21    8   14 
  32   22    6   17 
  31   21    8   19 
  29   24    7   14 
  26   25    9   17 
  25   26   11   15 
  27   26   13   16 
  21   32   13   18 
  22   32   11   16 
  21   30   13   15 
  17   32   12   15 
  16   32   10   16 
  23   31   11   12 
  18   33   12   15 
  21   34   13   11 
  28   24   15   11 
  28   26   16   13 
  29   24   15   15 
  27   24   14   13 
  27   28   15   14 
  24   29   17   14 
  23   26   14   18 
  27   26   16   19 
  27   26   19   19 
  29   20   18   22 
  31   23   19   19 
  33   28   14   17 
  27   28   11   17 
  28   31   14   15 
  32   27   15   12 
  29   28   14   14 
  29   27   15   13 
  35   28   14   15 
  31   29   13   12 
  28   28   15   13 
  30   27   12   13 
  26   32    9   16 
  30   33    7   14 
  26   36    5   17 
  29   36    5   15 
  27   36    8   14 
  26   40    8   17 
  25   42    6   16 
  26   38    7   18 
  36   34   10   15 
  37   34   11   12 
  36   29   16   10 
  29   30   19   13 
  26   33   18   14 
  30   27   22   14 
  31   27   21   16 
  27   34   18   15 
  25   32   18   12 
  24   38   17   13 
  16   45   17   15 
  16   41   17   18 
  24   40   14   16 
  22   35   13   16 
  28   40   15   11 
  24   36   14   16 
  27   38   15   13 
  24   42   15   14 
  29   38   16   17 
  24   34   16   15 
  25   34   15   13 
  29   29   18   17 
  27   34   19   16 
  28   33   15   16 
  30   31   19   16 
  27   29   22   19 
  26   29   22   20 
  32   31   15   18 
  34   28   13   22 
  36   28   16   20 
  39   25   19   15 
  37   28   16   16 
  37   29   16   13 
  37   29   16   12 
  39   30   12   17 
  35   30   17   17 
  36   31   15   14 
  40   25   15   16 
  48   25   13   14 
  39   33   13   13 
  39   35   13   13 
  37   38   17   14 
  35   40   16   13 
  36   37   16   14 
  41   36   14   14 
  38   37   14   13 
  35   38   14   19 
  36   40   15   20 
  39   38   17   16 
  41   38   15   13 
  41   38   17   14 
  40   34   20   15 
  37   39   18   21 
  34   38   22   19 
  31   37   22   18 
  34   38   24   19 
  33   31   23   19 
  35   32   24   19 
  32   31   23   26 
  27   29   25   25 
  26   26   27   27 
  31   32   22   23 
  28   32   20   20 
  32   30   21   22 
  34   27   28   20 
  34   31   27   19 
  31   33   27   16 
  35   31   29   16 
  36   35   23   15 
  40   35   23   15 
  38   41   20   14 
  41   38   22   14 
  40   37   19   14 
  40   40   19   16 
  41   42   17   17 
  37   40   16   17 
  39   39   15   16 
  41   42   13   14 
  36   38   15   16 
  37   36   15   15 
  40   37   19   13 
  42   38   17   15 
  34   38   12   13 
  38   35   14   17 
  39   35   13   17 
  37   38   16   18 
  32   35   16   16 
  30   42   17   18 
