 Site Number: 240000
 Time (s)          H  
 0.000E+00         0 
 0.755E-06         4 
 0.945E-06         3 
 0.125E-05         2 
 0.147E-05         4 
 0.163E-05         3 
 0.177E-05         3 
 0.193E-05         1 
 0.213E-05         6 
 0.229E-05         2 
 0.253E-05         2 
 0.272E-05         6 
 0.285E-05         7 
 0.303E-05         5 
 0.315E-05         8 
 0.324E-05         7 
 0.336E-05         3 
 0.350E-05         5 
 0.357E-05         7 
 0.364E-05         6 
 0.371E-05         8 
 0.378E-05         7 
 0.384E-05         7 
 0.391E-05         7 
 0.398E-05         9 
 0.406E-05         9 
 0.412E-05         9 
 0.421E-05         6 
 0.428E-05        10 
 0.435E-05         6 
 0.443E-05         7 
 0.453E-05         5 
 0.464E-05         6 
 0.469E-05        11 
 0.474E-05         5 
 0.483E-05         7 
 0.491E-05         9 
 0.499E-05         3 
 0.507E-05         9 
 0.511E-05         9 
 0.518E-05         8 
 0.524E-05         7 
 0.534E-05         7 
 0.545E-05         3 
 0.552E-05         5 
 0.564E-05         4 
 0.574E-05         8 
 0.581E-05         6 
 0.590E-05         8 
 0.600E-05         8 
 0.608E-05         7 
 0.618E-05         7 
 0.624E-05         6 
 0.630E-05        12 
 0.639E-05         7 
 0.646E-05         5 
 0.655E-05         8 
 0.662E-05        11 
 0.671E-05         4 
 0.679E-05         6 
 0.684E-05        10 
 0.693E-05        10 
 0.699E-05         5 
 0.705E-05         9 
 0.713E-05         9 
 0.718E-05        10 
 0.724E-05         8 
 0.732E-05         6 
 0.738E-05         4 
 0.746E-05        12 
 0.750E-05         7 
 0.758E-05         7 
 0.763E-05        14 
 0.770E-05         7 
 0.777E-05         9 
 0.784E-05         4 
 0.795E-05         4 
 0.802E-05         7 
 0.807E-05         7 
 0.812E-05        12 
 0.816E-05        12 
 0.823E-05         9 
 0.829E-05         8 
 0.836E-05         9 
 0.843E-05         8 
 0.850E-05         7 
 0.856E-05         7 
 0.861E-05        14 
 0.865E-05         8 
 0.868E-05        10 
 0.873E-05        15 
 0.877E-05        12 
 0.881E-05        11 
 0.885E-05        11 
 0.891E-05         8 
 0.898E-05         8 
 0.903E-05        15 
 0.908E-05        10 
 0.914E-05        12 
 0.918E-05        13 
 0.923E-05        14 
 0.929E-05         6 
 0.934E-05         8 
 0.939E-05         9 
 0.944E-05        11 
 0.950E-05         8 
 0.954E-05         9 
 0.959E-05        11 
 0.964E-05        12 
 0.968E-05        12 
 0.973E-05         6 
 0.979E-05         8 
 0.984E-05        12 
 0.989E-05         6 
 0.997E-05         9 
 0.100E-04        10 
 0.101E-04         8 
 0.101E-04        10 
 0.102E-04         8 
 0.102E-04         6 
 0.103E-04         7 
 0.104E-04        14 
 0.104E-04        11 
 0.105E-04         6 
 0.105E-04         9 
 0.106E-04         7 
 0.106E-04        15 
 0.107E-04         7 
 0.107E-04        11 
 0.108E-04         8 
 0.108E-04         6 
 0.109E-04         5 
 0.110E-04        14 
 0.110E-04        14 
 0.110E-04        12 
 0.111E-04         9 
 0.111E-04        11 
 0.112E-04         7 
 0.112E-04         6 
 0.113E-04        10 
 0.113E-04        13 
 0.114E-04        12 
 0.114E-04         7 
 0.115E-04         9 
 0.115E-04         8 
 0.116E-04        12 
 0.116E-04        13 
 0.117E-04         7 
 0.117E-04         4 
 0.118E-04         7 
 0.119E-04         9 
 0.119E-04         5 
 0.120E-04         9 
 0.121E-04         9 
 0.121E-04         5 
 0.122E-04         9 
 0.123E-04        10 
 0.123E-04        10 
 0.124E-04        13 
 0.124E-04         9 
 0.125E-04         6 
 0.125E-04         7 
 0.125E-04        16 
 0.126E-04        11 
 0.126E-04        16 
 0.127E-04         8 
 0.127E-04        10 
 0.128E-04        19 
 0.128E-04        10 
 0.128E-04        17 
 0.129E-04        13 
 0.129E-04        11 
 0.130E-04        13 
 0.130E-04        13 
 0.130E-04        13 
 0.131E-04        21 
 0.131E-04        16 
 0.131E-04        12 
 0.132E-04        10 
 0.132E-04        14 
 0.133E-04         8 
 0.133E-04        16 
 0.134E-04        12 
 0.134E-04        12 
 0.134E-04        12 
 0.135E-04        17 
 0.135E-04        12 
 0.136E-04         8 
 0.136E-04        11 
 0.137E-04        12 
 0.137E-04         9 
 0.138E-04        12 
 0.138E-04        14 
 0.138E-04         8 
 0.139E-04         3 
 0.139E-04        18 
 0.140E-04        11 
 0.140E-04         9 
 0.141E-04         4 
 0.142E-04        14 
 0.142E-04         8 
