NumberOfSpeciesType  1
NumberOfEachSpecies 
8 

GridOcc
28 209 1
91 61 1
165 103 1
181 485 1
255 63 1
341 354 1
402 388 1
483 138 1
GridOccNum 8

EdgeSiteNum
  100   100    49    49 
  100   100    49    49 
  100   100    49    49 
  100   100    49    49 

EdgeOccNum
   30    42    17    18 
   30    42    17    18 
   30    42    17    18 
   30    42    17    18 

Edge1
0 1 0 0 1 0 1 1 0 0 0 0 0 0 0 0 0 0 0 1 0 0 1 0 0 1 1 1 0 0 1 0 0 0 0 0 1 0 1 0 0 1 0 0 1 0 0 0 1 1 0 0 1 1 0 0 0 0 1 1 1 0 0 0 0 0 1 0 1 1 0 0 0 0 0 1 0 0 0 0 0 0 0 0 0 1 1 0 1 0 0 0 0 0 0 0 0 0 1 1 
Edge2
1 1 1 1 1 0 0 0 1 0 0 1 1 1 1 1 1 1 1 0 0 0 1 1 0 0 0 0 1 1 0 0 0 0 1 1 0 1 1 0 1 1 1 0 1 1 1 0 0 0 0 0 1 0 1 0 0 1 0 0 0 0 0 0 0 0 0 1 1 1 0 0 0 0 0 0 0 0 1 0 1 1 0 1 0 0 0 0 0 0 0 0 1 0 0 0 1 0 1 1 
Edge3
0 0 0 0 0 0 0 0 1 1 0 1 0 0 0 0 0 1 1 0 0 0 0 1 1 0 0 0 0 1 1 1 1 0 0 1 1 0 1 1 0 0 0 0 1 0 1 0 0 
Edge4
0 1 1 0 0 1 0 1 0 0 0 0 0 0 0 1 0 0 0 1 1 1 0 1 1 1 1 0 0 0 0 0 1 0 0 1 0 0 0 0 0 0 1 1 0 0 0 1 1 
