 Time (s)          H  
 0.000E+00  0.000E+00
 0.107E-06  0.333E-04
 0.154E-06  0.458E-04
 0.212E-06  0.417E-04
 0.255E-06  0.583E-04
 0.315E-06  0.292E-04
 0.358E-06  0.542E-04
 0.402E-06  0.333E-04
 0.454E-06  0.333E-04
 0.496E-06  0.375E-04
 0.545E-06  0.708E-04
 0.578E-06  0.417E-04
 0.619E-06  0.458E-04
 0.654E-06  0.625E-04
 0.690E-06  0.542E-04
 0.721E-06  0.625E-04
 0.753E-06  0.833E-04
 0.782E-06  0.833E-04
 0.812E-06  0.458E-04
 0.843E-06  0.583E-04
 0.878E-06  0.583E-04
 0.918E-06  0.500E-04
 0.954E-06  0.833E-04
 0.978E-06  0.833E-04
 0.100E-05  0.708E-04
 0.103E-05  0.667E-04
 0.106E-05  0.667E-04
 0.109E-05  0.792E-04
 0.111E-05  0.833E-04
 0.114E-05  0.875E-04
 0.116E-05  0.108E-03
 0.117E-05  0.104E-03
 0.119E-05  0.117E-03
 0.121E-05  0.958E-04
 0.123E-05  0.833E-04
 0.126E-05  0.708E-04
 0.128E-05  0.792E-04
 0.130E-05  0.792E-04
 0.133E-05  0.542E-04
 0.136E-05  0.958E-04
 0.138E-05  0.750E-04
 0.140E-05  0.792E-04
 0.143E-05  0.875E-04
 0.145E-05  0.121E-03
 0.147E-05  0.117E-03
 0.148E-05  0.142E-03
 0.150E-05  0.104E-03
 0.152E-05  0.958E-04
 0.155E-05  0.708E-04
 0.157E-05  0.100E-03
 0.159E-05  0.958E-04
 0.161E-05  0.875E-04
 0.163E-05  0.108E-03
 0.165E-05  0.125E-03
 0.167E-05  0.112E-03
 0.169E-05  0.112E-03
 0.170E-05  0.146E-03
 0.172E-05  0.163E-03
 0.173E-05  0.108E-03
 0.174E-05  0.117E-03
 0.176E-05  0.121E-03
 0.178E-05  0.121E-03
 0.180E-05  0.875E-04
 0.182E-05  0.133E-03
 0.183E-05  0.112E-03
 0.185E-05  0.137E-03
 0.187E-05  0.104E-03
 0.188E-05  0.112E-03
 0.190E-05  0.958E-04
 0.192E-05  0.129E-03
 0.193E-05  0.133E-03
 0.195E-05  0.121E-03
 0.196E-05  0.121E-03
 0.198E-05  0.108E-03
 0.200E-05  0.104E-03
 0.202E-05  0.104E-03
 0.203E-05  0.108E-03
 0.205E-05  0.133E-03
 0.207E-05  0.108E-03
 0.209E-05  0.117E-03
 0.210E-05  0.108E-03
 0.212E-05  0.129E-03
 0.214E-05  0.133E-03
 0.215E-05  0.150E-03
 0.216E-05  0.175E-03
 0.217E-05  0.183E-03
 0.218E-05  0.129E-03
 0.220E-05  0.158E-03
 0.221E-05  0.163E-03
 0.222E-05  0.133E-03
 0.224E-05  0.129E-03
 0.225E-05  0.117E-03
 0.227E-05  0.108E-03
 0.229E-05  0.125E-03
 0.230E-05  0.142E-03
 0.232E-05  0.112E-03
 0.233E-05  0.108E-03
 0.235E-05  0.792E-04
 0.237E-05  0.875E-04
 0.239E-05  0.917E-04
 0.241E-05  0.117E-03
 0.243E-05  0.133E-03
 0.244E-05  0.137E-03
 0.246E-05  0.125E-03
 0.247E-05  0.133E-03
 0.249E-05  0.163E-03
 0.250E-05  0.163E-03
 0.251E-05  0.137E-03
 0.253E-05  0.125E-03
 0.254E-05  0.100E-03
 0.257E-05  0.833E-04
 0.259E-05  0.958E-04
 0.261E-05  0.917E-04
 0.263E-05  0.917E-04
 0.265E-05  0.100E-03
 0.266E-05  0.958E-04
 0.269E-05  0.750E-04
 0.271E-05  0.667E-04
 0.274E-05  0.875E-04
 0.276E-05  0.133E-03
 0.277E-05  0.108E-03
 0.279E-05  0.121E-03
 0.281E-05  0.112E-03
 0.282E-05  0.150E-03
 0.284E-05  0.125E-03
 0.285E-05  0.112E-03
 0.287E-05  0.142E-03
 0.288E-05  0.142E-03
 0.290E-05  0.117E-03
 0.292E-05  0.112E-03
 0.293E-05  0.137E-03
 0.295E-05  0.150E-03
 0.296E-05  0.100E-03
 0.298E-05  0.108E-03
 0.300E-05  0.117E-03
 0.302E-05  0.125E-03
 0.304E-05  0.958E-04
 0.306E-05  0.133E-03
 0.307E-05  0.154E-03
 0.308E-05  0.917E-04
 0.310E-05  0.121E-03
 0.312E-05  0.112E-03
 0.314E-05  0.129E-03
 0.315E-05  0.112E-03
 0.317E-05  0.112E-03
 0.319E-05  0.108E-03
 0.320E-05  0.125E-03
 0.322E-05  0.108E-03
 0.324E-05  0.117E-03
 0.326E-05  0.108E-03
 0.328E-05  0.917E-04
 0.330E-05  0.104E-03
 0.331E-05  0.112E-03
 0.333E-05  0.142E-03
 0.335E-05  0.104E-03
 0.337E-05  0.958E-04
 0.339E-05  0.108E-03
 0.340E-05  0.121E-03
 0.342E-05  0.142E-03
 0.343E-05  0.163E-03
 0.344E-05  0.154E-03
 0.346E-05  0.104E-03
 0.348E-05  0.117E-03
 0.349E-05  0.108E-03
 0.351E-05  0.133E-03
 0.352E-05  0.112E-03
 0.354E-05  0.958E-04
 0.356E-05  0.108E-03
 0.358E-05  0.125E-03
 0.359E-05  0.112E-03
 0.361E-05  0.112E-03
 0.363E-05  0.121E-03
 0.364E-05  0.112E-03
 0.366E-05  0.121E-03
 0.368E-05  0.121E-03
 0.369E-05  0.150E-03
 0.370E-05  0.150E-03
 0.372E-05  0.142E-03
 0.373E-05  0.100E-03
 0.376E-05  0.108E-03
 0.378E-05  0.108E-03
 0.379E-05  0.121E-03
 0.381E-05  0.121E-03
 0.383E-05  0.150E-03
 0.384E-05  0.125E-03
 0.386E-05  0.112E-03
 0.388E-05  0.958E-04
 0.390E-05  0.133E-03
 0.391E-05  0.146E-03
 0.392E-05  0.154E-03
 0.394E-05  0.154E-03
 0.395E-05  0.125E-03
 0.397E-05  0.117E-03
 0.398E-05  0.117E-03
 0.400E-05  0.112E-03
 0.402E-05  0.104E-03
 0.404E-05  0.158E-03
 0.405E-05  0.117E-03
 0.407E-05  0.133E-03
 0.408E-05  0.129E-03
 0.410E-05  0.100E-03
