 EdgeSiteNum:  100  100   49   49 
 EdgeOccNum:
   7    3    4    8 
   8    9    9    5 
  10   13   13    8 
  15   14   11    8 
  21   21   14    9 
  18   22   14    7 
  23   23   18   10 
  27   30   18    9 
  27   29   19   14 
  31   28   15   15 
  34   29   18   19 
  32   30   18   23 
  30   33   20   24 
  34   30   21   26 
  36   32   22   21 
  32   33   21   22 
  35   34   23   20 
  41   34   27   23 
  39   38   27   22 
  36   39   27   24 
  36   45   29   24 
  42   44   26   20 
  38   46   27   21 
  39   46   25   25 
  42   45   28   25 
  46   45   25   24 
  47   47   24   21 
  47   49   25   23 
  51   50   23   21 
  52   48   23   21 
  54   54   24   21 
  54   50   25   23 
  54   54   26   25 
  55   60   23   28 
  54   55   29   29 
  50   59   27   29 
  52   60   27   26 
  56   60   27   28 
  54   55   27   27 
  54   56   30   26 
  52   54   31   30 
  60   49   31   27 
  57   50   32   24 
  60   43   35   24 
  58   47   30   25 
  59   51   35   26 
  58   47   36   26 
  62   54   37   24 
  60   53   34   25 
  59   54   31   29 
  60   58   32   29 
  65   54   33   28 
  64   53   31   28 
  60   54   32   29 
  64   52   30   29 
  61   53   31   30 
  61   53   32   29 
  66   56   35   33 
  64   59   35   32 
  65   61   34   31 
  64   59   32   34 
  66   64   34   31 
  64   62   35   25 
  64   62   39   24 
  63   59   35   26 
  62   63   35   25 
  62   62   36   27 
  57   68   34   30 
  56   64   30   29 
  55   61   32   32 
  54   65   29   33 
  56   68   28   29 
  59   64   29   30 
  61   67   29   30 
  61   68   33   29 
  58   68   35   29 
  52   66   38   28 
  54   67   38   29 
  62   65   39   28 
  63   69   39   29 
  61   68   38   30 
  60   68   38   30 
  64   67   38   27 
  64   68   35   25 
  64   64   35   27 
  67   66   35   31 
  66   60   34   32 
  70   60   33   32 
  69   65   29   33 
  68   65   30   32 
  68   69   30   29 
  71   66   29   30 
  70   64   27   33 
  68   65   28   31 
  71   64   33   31 
  74   63   36   29 
  77   66   34   28 
  74   71   32   32 
  76   67   31   34 
  70   70   31   33 
  68   73   30   33 
  73   70   30   32 
  74   73   31   30 
  71   68   34   31 
  69   66   31   33 
  65   67   35   30 
  65   67   36   31 
  66   67   38   31 
  68   70   37   31 
  70   68   33   29 
  71   68   33   29 
  72   66   30   30 
  73   64   33   30 
  72   60   35   31 
  69   60   32   32 
  72   57   34   33 
  75   64   30   31 
  72   58   28   35 
  68   58   26   34 
  70   61   27   36 
  71   64   24   34 
  68   61   28   36 
  68   64   29   35 
  72   63   28   35 
  68   65   31   39 
  70   65   29   34 
  66   67   29   34 
  65   69   28   38 
  69   68   28   36 
  67   69   30   35 
  68   66   27   35 
  70   69   29   38 
  70   66   32   38 
  71   66   34   35 
  68   70   31   35 
  72   69   33   35 
  66   64   32   34 
  64   64   31   32 
  66   68   33   37 
  63   71   29   38 
  68   67   29   37 
  69   67   28   35 
  72   69   30   34 
  67   70   30   36 
  68   70   31   37 
  68   69   29   36 
  71   75   29   35 
  69   72   30   37 
  71   71   33   35 
  73   72   32   37 
  75   73   33   34 
  72   74   34   31 
  70   75   30   29 
  69   75   33   34 
  69   74   33   35 
  70   74   32   34 
  71   75   34   33 
  68   75   34   33 
  66   73   30   36 
  64   74   30   37 
  67   77   35   36 
  67   75   32   34 
  66   72   34   32 
  67   70   34   31 
  68   70   36   33 
  62   73   33   37 
  64   70   34   32 
  60   66   36   34 
  62   67   33   35 
  66   68   34   33 
  68   68   32   33 
  66   69   32   34 
  67   67   30   37 
  65   68   33   37 
  64   67   31   36 
  64   66   30   36 
  63   68   28   33 
  68   67   34   35 
  66   69   33   34 
  64   70   33   31 
  68   71   34   28 
  70   70   34   27 
  68   74   34   26 
  69   74   36   27 
  67   71   38   33 
  69   74   35   31 
  63   71   36   30 
  60   70   34   31 
  63   68   31   27 
  66   71   31   27 
  66   73   32   27 
  65   72   30   31 
  64   72   29   33 
  64   74   34   31 
  63   75   35   32 
  60   67   33   34 
  68   68   37   31 
  73   64   35   28 
  73   64   34   28 
  71   68   32   31 
