 Site Number: 240000
 Time (s)          H  
 0.000E+00         0 
 0.107E-06         8 
 0.154E-06        11 
 0.212E-06        10 
 0.255E-06        14 
 0.315E-06         7 
 0.358E-06        13 
 0.402E-06         8 
 0.454E-06         8 
 0.496E-06         9 
 0.545E-06        17 
 0.578E-06        10 
 0.619E-06        11 
 0.654E-06        15 
 0.690E-06        13 
 0.721E-06        15 
 0.753E-06        20 
 0.782E-06        20 
 0.812E-06        11 
 0.843E-06        14 
 0.878E-06        14 
 0.918E-06        12 
 0.954E-06        20 
 0.978E-06        20 
 0.100E-05        17 
 0.103E-05        16 
 0.106E-05        16 
 0.109E-05        19 
 0.111E-05        20 
 0.114E-05        21 
 0.116E-05        26 
 0.117E-05        25 
 0.119E-05        28 
 0.121E-05        23 
 0.123E-05        20 
 0.126E-05        17 
 0.128E-05        19 
 0.130E-05        19 
 0.133E-05        13 
 0.136E-05        23 
 0.138E-05        18 
 0.140E-05        19 
 0.143E-05        21 
 0.145E-05        29 
 0.147E-05        28 
 0.148E-05        34 
 0.150E-05        25 
 0.152E-05        23 
 0.155E-05        17 
 0.157E-05        24 
 0.159E-05        23 
 0.161E-05        21 
 0.163E-05        26 
 0.165E-05        30 
 0.167E-05        27 
 0.169E-05        27 
 0.170E-05        35 
 0.172E-05        39 
 0.173E-05        26 
 0.174E-05        28 
 0.176E-05        29 
 0.178E-05        29 
 0.180E-05        21 
 0.182E-05        32 
 0.183E-05        27 
 0.185E-05        33 
 0.187E-05        25 
 0.188E-05        27 
 0.190E-05        23 
 0.192E-05        31 
 0.193E-05        32 
 0.195E-05        29 
 0.196E-05        29 
 0.198E-05        26 
 0.200E-05        25 
 0.202E-05        25 
 0.203E-05        26 
 0.205E-05        32 
 0.207E-05        26 
 0.209E-05        28 
 0.210E-05        26 
 0.212E-05        31 
 0.214E-05        32 
 0.215E-05        36 
 0.216E-05        42 
 0.217E-05        44 
 0.218E-05        31 
 0.220E-05        38 
 0.221E-05        39 
 0.222E-05        32 
 0.224E-05        31 
 0.225E-05        28 
 0.227E-05        26 
 0.229E-05        30 
 0.230E-05        34 
 0.232E-05        27 
 0.233E-05        26 
 0.235E-05        19 
 0.237E-05        21 
 0.239E-05        22 
 0.241E-05        28 
 0.243E-05        32 
 0.244E-05        33 
 0.246E-05        30 
 0.247E-05        32 
 0.249E-05        39 
 0.250E-05        39 
 0.251E-05        33 
 0.253E-05        30 
 0.254E-05        24 
 0.257E-05        20 
 0.259E-05        23 
 0.261E-05        22 
 0.263E-05        22 
 0.265E-05        24 
 0.266E-05        23 
 0.269E-05        18 
 0.271E-05        16 
 0.274E-05        21 
 0.276E-05        32 
 0.277E-05        26 
 0.279E-05        29 
 0.281E-05        27 
 0.282E-05        36 
 0.284E-05        30 
 0.285E-05        27 
 0.287E-05        34 
 0.288E-05        34 
 0.290E-05        28 
 0.292E-05        27 
 0.293E-05        33 
 0.295E-05        36 
 0.296E-05        24 
 0.298E-05        26 
 0.300E-05        28 
 0.302E-05        30 
 0.304E-05        23 
 0.306E-05        32 
 0.307E-05        37 
 0.308E-05        22 
 0.310E-05        29 
 0.312E-05        27 
 0.314E-05        31 
 0.315E-05        27 
 0.317E-05        27 
 0.319E-05        26 
 0.320E-05        30 
 0.322E-05        26 
 0.324E-05        28 
 0.326E-05        26 
 0.328E-05        22 
 0.330E-05        25 
 0.331E-05        27 
 0.333E-05        34 
 0.335E-05        25 
 0.337E-05        23 
 0.339E-05        26 
 0.340E-05        29 
 0.342E-05        34 
 0.343E-05        39 
 0.344E-05        37 
 0.346E-05        25 
 0.348E-05        28 
 0.349E-05        26 
 0.351E-05        32 
 0.352E-05        27 
 0.354E-05        23 
 0.356E-05        26 
 0.358E-05        30 
 0.359E-05        27 
 0.361E-05        27 
 0.363E-05        29 
 0.364E-05        27 
 0.366E-05        29 
 0.368E-05        29 
 0.369E-05        36 
 0.370E-05        36 
 0.372E-05        34 
 0.373E-05        24 
 0.376E-05        26 
 0.378E-05        26 
 0.379E-05        29 
 0.381E-05        29 
 0.383E-05        36 
 0.384E-05        30 
 0.386E-05        27 
 0.388E-05        23 
 0.390E-05        32 
 0.391E-05        35 
 0.392E-05        37 
 0.394E-05        37 
 0.395E-05        30 
 0.397E-05        28 
 0.398E-05        28 
 0.400E-05        27 
 0.402E-05        25 
 0.404E-05        38 
 0.405E-05        28 
 0.407E-05        32 
 0.408E-05        31 
 0.410E-05        24 
