NumberOfSpeciesType  1
NumberOfEachSpecies 
24 

GridOcc
2 18 1
16 35 1
16 489 1
35 467 1
73 52 1
105 108 1
107 384 1
148 242 1
158 150 1
196 200 1
201 310 1
277 460 1
298 376 1
311 324 1
312 177 1
315 402 1
320 263 1
344 371 1
381 313 1
385 237 1
447 288 1
448 232 1
476 360 1
497 234 1
GridOccNum 24

EdgeSiteNum
  100   100    49    49 
  100   100    49    49 
  100   100    49    49 
  100   100    49    49 

EdgeOccNum
   71    68    32    31 
   71    68    32    31 
   71    68    32    31 
   71    68    32    31 

Edge1
1 1 1 1 1 1 1 1 1 1 1 1 1 1 0 1 0 1 0 1 1 0 1 1 1 0 1 1 1 1 1 0 1 1 1 1 0 0 1 1 1 1 1 1 1 1 1 0 0 1 0 0 0 1 1 0 1 0 1 0 1 1 1 1 0 1 0 0 1 1 1 1 0 1 0 1 1 1 1 0 0 1 1 1 1 0 1 1 1 0 0 0 1 1 1 1 1 1 0 0 
Edge2
1 1 1 1 1 0 0 0 0 0 0 0 0 0 1 1 0 1 1 1 0 1 0 1 1 1 1 1 1 1 0 0 0 0 1 0 1 1 0 1 1 1 1 1 1 1 0 1 1 1 0 1 1 1 1 1 0 1 1 1 1 1 1 1 1 0 1 1 1 1 1 0 1 1 1 1 0 0 0 1 1 1 1 1 0 0 1 1 1 0 0 1 1 1 1 1 0 1 0 1 
Edge3
1 1 1 0 0 0 1 0 0 1 0 1 1 0 0 1 0 1 0 1 1 1 0 1 1 1 1 1 0 1 1 1 1 1 1 0 1 1 0 0 1 0 1 1 1 1 1 0 1 
Edge4
0 0 1 1 1 1 1 0 1 0 1 0 0 1 0 0 1 0 0 0 1 1 1 1 0 0 1 1 1 1 1 1 1 0 0 0 1 1 1 1 0 1 1 1 1 0 1 1 1 
