 Site Number: 240000
 Time (s)          H  
 0.000E+00         0 
 0.168E-05         2 
 0.224E-05         2 
 0.285E-05         2 
 0.354E-05         1 
 0.453E-05         1 
 0.531E-05         1 
 0.626E-05         1 
 0.664E-05         1 
 0.726E-05         1 
 0.785E-05         2 
 0.866E-05         2 
 0.898E-05         2 
 0.965E-05         2 
 0.103E-04         3 
 0.105E-04         3 
 0.108E-04         3 
 0.111E-04         3 
 0.113E-04         4 
 0.115E-04         2 
 0.118E-04         2 
 0.121E-04         4 
 0.122E-04         3 
 0.124E-04         1 
 0.129E-04         2 
 0.133E-04         4 
 0.136E-04         3 
 0.141E-04         1 
 0.144E-04         3 
 0.146E-04         1 
 0.148E-04         3 
 0.151E-04         3 
 0.153E-04         4 
 0.157E-04         1 
 0.161E-04         3 
 0.164E-04         4 
 0.166E-04         4 
 0.168E-04         4 
 0.171E-04         2 
 0.175E-04         3 
 0.179E-04         3 
 0.182E-04         5 
 0.184E-04         2 
 0.186E-04         1 
 0.189E-04         3 
 0.191E-04         1 
 0.193E-04         3 
 0.197E-04         2 
 0.201E-04         3 
 0.205E-04         1 
 0.207E-04         2 
 0.209E-04         3 
 0.211E-04         1 
 0.213E-04         4 
 0.217E-04         2 
 0.220E-04         6 
 0.221E-04         4 
 0.224E-04         1 
 0.226E-04         6 
 0.229E-04         2 
 0.231E-04         3 
 0.234E-04         3 
 0.235E-04         3 
 0.239E-04         5 
 0.241E-04         3 
 0.244E-04         3 
 0.246E-04         4 
 0.247E-04         7 
 0.249E-04         3 
 0.252E-04         3 
 0.253E-04         3 
 0.256E-04         4 
 0.258E-04         5 
 0.259E-04         1 
 0.262E-04         4 
 0.264E-04         2 
 0.267E-04         3 
 0.269E-04         3 
 0.272E-04         1 
 0.275E-04         4 
 0.278E-04         3 
 0.280E-04         3 
 0.282E-04         1 
 0.283E-04         2 
 0.286E-04         3 
 0.287E-04         1 
 0.290E-04         4 
 0.292E-04         3 
 0.295E-04         2 
 0.298E-04         3 
 0.301E-04         1 
 0.304E-04         5 
 0.306E-04         3 
 0.308E-04         1 
 0.310E-04         4 
 0.314E-04         1 
 0.316E-04         3 
 0.318E-04         4 
 0.320E-04         1 
 0.322E-04         6 
 0.323E-04         5 
 0.325E-04         1 
 0.326E-04         4 
 0.329E-04         2 
 0.331E-04         1 
 0.333E-04         2 
 0.336E-04         2 
 0.338E-04         1 
 0.341E-04         2 
 0.342E-04         2 
 0.344E-04         5 
 0.345E-04         2 
 0.347E-04         2 
 0.349E-04         1 
 0.352E-04         3 
 0.354E-04         6 
 0.356E-04         3 
 0.357E-04         6 
 0.358E-04         4 
 0.360E-04         4 
 0.362E-04         3 
 0.364E-04         4 
 0.367E-04         2 
 0.369E-04         3 
 0.371E-04         9 
 0.374E-04         2 
 0.376E-04         5 
 0.377E-04         4 
 0.378E-04         6 
 0.380E-04         5 
 0.381E-04         2 
 0.382E-04         7 
 0.383E-04         3 
 0.385E-04         2 
 0.386E-04         4 
 0.388E-04         2 
 0.389E-04         3 
 0.392E-04         1 
 0.394E-04         8 
 0.396E-04         4 
 0.397E-04         4 
 0.399E-04         3 
 0.400E-04         7 
 0.401E-04         5 
 0.403E-04         3 
 0.406E-04         3 
 0.409E-04         3 
 0.411E-04         4 
 0.413E-04         3 
 0.414E-04         4 
 0.416E-04         5 
 0.418E-04         3 
 0.420E-04         2 
 0.421E-04         4 
 0.422E-04         6 
 0.423E-04         3 
 0.425E-04         5 
 0.427E-04         3 
 0.429E-04         1 
 0.431E-04         3 
 0.432E-04         7 
 0.434E-04         4 
 0.436E-04         3 
 0.438E-04         4 
 0.439E-04         6 
 0.441E-04         5 
 0.442E-04         6 
 0.443E-04         3 
 0.445E-04         4 
 0.446E-04         5 
 0.447E-04         6 
 0.448E-04         5 
 0.450E-04         3 
 0.452E-04         6 
 0.453E-04         4 
 0.455E-04         2 
 0.456E-04         5 
 0.457E-04         6 
 0.459E-04         5 
 0.460E-04         3 
 0.462E-04         2 
 0.463E-04         7 
 0.464E-04         7 
 0.465E-04         5 
 0.467E-04         2 
 0.469E-04         6 
 0.470E-04         3 
 0.472E-04         5 
 0.473E-04         4 
 0.474E-04         5 
 0.475E-04         3 
 0.477E-04         3 
 0.478E-04         3 
 0.480E-04         5 
 0.481E-04         4 
 0.483E-04         6 
 0.483E-04         6 
 0.485E-04         2 
 0.486E-04         3 
 0.488E-04         2 
 0.490E-04         4 
