 Time (s)          H  
 0.000E+00  0.000E+00
 0.259E-08  0.150E-02
 0.365E-08  0.211E-02
 0.451E-08  0.243E-02
 0.530E-08  0.251E-02
 0.605E-08  0.270E-02
 0.678E-08  0.280E-02
 0.747E-08  0.288E-02
 0.814E-08  0.297E-02
 0.880E-08  0.301E-02
 0.946E-08  0.308E-02
 0.101E-07  0.325E-02
 0.107E-07  0.335E-02
 0.113E-07  0.345E-02
 0.118E-07  0.351E-02
 0.124E-07  0.368E-02
 0.129E-07  0.362E-02
 0.135E-07  0.357E-02
 0.140E-07  0.362E-02
 0.146E-07  0.358E-02
 0.151E-07  0.363E-02
 0.156E-07  0.376E-02
 0.162E-07  0.375E-02
 0.167E-07  0.387E-02
 0.172E-07  0.368E-02
 0.177E-07  0.374E-02
 0.182E-07  0.380E-02
 0.188E-07  0.366E-02
 0.193E-07  0.367E-02
 0.199E-07  0.357E-02
 0.204E-07  0.351E-02
 0.210E-07  0.365E-02
 0.215E-07  0.369E-02
 0.220E-07  0.364E-02
 0.226E-07  0.373E-02
 0.231E-07  0.373E-02
 0.236E-07  0.378E-02
 0.241E-07  0.379E-02
 0.247E-07  0.370E-02
 0.252E-07  0.373E-02
 0.257E-07  0.380E-02
 0.262E-07  0.377E-02
 0.267E-07  0.372E-02
 0.273E-07  0.384E-02
 0.278E-07  0.387E-02
 0.283E-07  0.381E-02
 0.288E-07  0.389E-02
 0.293E-07  0.392E-02
 0.298E-07  0.385E-02
 0.303E-07  0.378E-02
 0.309E-07  0.370E-02
 0.314E-07  0.362E-02
 0.319E-07  0.362E-02
 0.325E-07  0.363E-02
 0.330E-07  0.363E-02
 0.335E-07  0.368E-02
 0.341E-07  0.369E-02
 0.346E-07  0.372E-02
 0.351E-07  0.378E-02
 0.357E-07  0.371E-02
 0.362E-07  0.365E-02
 0.367E-07  0.354E-02
 0.373E-07  0.355E-02
 0.379E-07  0.348E-02
 0.384E-07  0.350E-02
 0.390E-07  0.364E-02
 0.395E-07  0.353E-02
 0.401E-07  0.354E-02
 0.406E-07  0.359E-02
 0.412E-07  0.380E-02
 0.417E-07  0.381E-02
 0.422E-07  0.374E-02
 0.427E-07  0.372E-02
 0.433E-07  0.370E-02
 0.438E-07  0.360E-02
 0.443E-07  0.360E-02
 0.449E-07  0.354E-02
 0.455E-07  0.347E-02
 0.460E-07  0.345E-02
 0.466E-07  0.351E-02
 0.471E-07  0.362E-02
 0.477E-07  0.341E-02
 0.483E-07  0.350E-02
 0.488E-07  0.355E-02
 0.494E-07  0.365E-02
 0.499E-07  0.369E-02
 0.504E-07  0.366E-02
 0.510E-07  0.372E-02
 0.515E-07  0.375E-02
 0.520E-07  0.372E-02
 0.526E-07  0.362E-02
 0.531E-07  0.369E-02
 0.536E-07  0.364E-02
 0.542E-07  0.358E-02
 0.547E-07  0.361E-02
 0.553E-07  0.364E-02
 0.558E-07  0.371E-02
 0.563E-07  0.369E-02
 0.569E-07  0.363E-02
 0.574E-07  0.361E-02
 0.580E-07  0.357E-02
 0.585E-07  0.357E-02
 0.591E-07  0.356E-02
 0.596E-07  0.358E-02
 0.602E-07  0.357E-02
 0.607E-07  0.360E-02
 0.612E-07  0.371E-02
 0.618E-07  0.368E-02
 0.623E-07  0.383E-02
 0.628E-07  0.377E-02
 0.633E-07  0.363E-02
 0.639E-07  0.369E-02
 0.644E-07  0.353E-02
 0.650E-07  0.353E-02
 0.655E-07  0.360E-02
 0.661E-07  0.368E-02
 0.666E-07  0.365E-02
 0.672E-07  0.370E-02
 0.677E-07  0.391E-02
 0.682E-07  0.392E-02
 0.687E-07  0.387E-02
 0.692E-07  0.392E-02
 0.697E-07  0.407E-02
 0.702E-07  0.400E-02
 0.707E-07  0.401E-02
 0.712E-07  0.402E-02
 0.716E-07  0.408E-02
 0.721E-07  0.412E-02
 0.726E-07  0.401E-02
 0.731E-07  0.400E-02
 0.736E-07  0.386E-02
 0.741E-07  0.392E-02
 0.746E-07  0.385E-02
 0.751E-07  0.395E-02
 0.756E-07  0.387E-02
 0.761E-07  0.387E-02
 0.766E-07  0.396E-02
 0.771E-07  0.398E-02
 0.776E-07  0.404E-02
 0.781E-07  0.408E-02
 0.786E-07  0.386E-02
 0.791E-07  0.384E-02
 0.796E-07  0.388E-02
 0.801E-07  0.375E-02
 0.806E-07  0.370E-02
 0.812E-07  0.363E-02
 0.817E-07  0.357E-02
 0.823E-07  0.351E-02
 0.828E-07  0.370E-02
 0.833E-07  0.378E-02
 0.839E-07  0.371E-02
 0.844E-07  0.373E-02
 0.849E-07  0.379E-02
 0.854E-07  0.370E-02
 0.860E-07  0.378E-02
 0.865E-07  0.380E-02
 0.870E-07  0.370E-02
 0.875E-07  0.370E-02
 0.881E-07  0.379E-02
 0.886E-07  0.379E-02
 0.891E-07  0.383E-02
 0.896E-07  0.365E-02
 0.902E-07  0.368E-02
 0.907E-07  0.368E-02
 0.912E-07  0.373E-02
 0.918E-07  0.374E-02
 0.923E-07  0.388E-02
 0.928E-07  0.374E-02
 0.933E-07  0.368E-02
 0.938E-07  0.371E-02
 0.944E-07  0.361E-02
 0.949E-07  0.360E-02
 0.955E-07  0.366E-02
 0.960E-07  0.385E-02
 0.965E-07  0.379E-02
 0.970E-07  0.370E-02
 0.975E-07  0.368E-02
 0.981E-07  0.370E-02
 0.986E-07  0.382E-02
 0.991E-07  0.377E-02
 0.996E-07  0.375E-02
 0.100E-06  0.383E-02
 0.101E-06  0.378E-02
 0.101E-06  0.388E-02
 0.102E-06  0.378E-02
 0.102E-06  0.370E-02
 0.103E-06  0.365E-02
 0.103E-06  0.354E-02
 0.104E-06  0.357E-02
 0.104E-06  0.356E-02
 0.105E-06  0.363E-02
 0.106E-06  0.376E-02
 0.106E-06  0.376E-02
 0.107E-06  0.375E-02
 0.107E-06  0.361E-02
 0.108E-06  0.370E-02
 0.108E-06  0.371E-02
 0.109E-06  0.382E-02
 0.109E-06  0.368E-02
 0.110E-06  0.369E-02
 0.110E-06  0.375E-02
