 EdgeSiteNum:  100  100   49   49 
 EdgeOccNum:
   4   10    3    6 
  11   14    5   12 
  19   30    7   15 
  24   37   10   20 
  31   45   14   21 
  38   51   21   24 
  45   60   27   26 
  52   67   29   29 
  60   72   31   33 
  66   74   32   34 
  67   77   32   35 
  71   78   33   35 
  72   80   34   36 
  77   81   36   40 
  80   83   37   40 
  81   83   38   41 
  82   84   38   41 
  82   84   38   40 
  81   84   38   41 
  81   85   39   40 
  82   85   38   43 
  82   86   40   43 
  83   86   40   43 
  85   86   40   43 
  85   86   39   43 
  85   87   40   43 
  85   89   39   43 
  85   89   39   43 
  87   89   40   43 
  87   90   40   43 
  88   91   41   43 
  88   91   41   44 
  87   91   42   44 
  89   91   42   44 
  90   92   42   44 
  89   93   42   44 
  91   93   42   44 
  92   93   42   44 
  93   93   42   44 
  93   93   43   44 
  93   93   43   44 
  93   92   44   44 
  94   92   44   44 
  94   92   44   44 
  94   92   43   44 
  94   92   44   43 
  94   93   44   43 
  95   94   45   43 
  95   94   45   44 
  95   94   46   44 
  95   94   46   45 
  95   94   46   45 
  95   94   46   45 
  95   94   46   45 
  95   95   46   46 
  95   95   46   46 
  95   95   46   46 
  95   95   46   46 
  94   95   46   46 
  95   95   46   46 
  95   95   46   46 
  96   94   46   46 
  94   95   46   46 
  96   95   46   46 
  96   95   46   46 
  96   95   46   45 
  96   95   46   46 
  96   95   46   46 
  96   95   46   46 
  96   95   46   46 
  96   95   46   46 
  96   96   46   46 
  97   96   46   46 
  97   96   46   46 
  97   96   46   46 
  97   96   46   46 
  97   96   46   46 
  97   96   46   46 
  97   96   46   48 
  97   96   46   48 
  97   96   46   48 
  97   96   46   48 
  98   95   46   48 
  98   95   46   48 
  98   95   46   48 
  98   94   46   48 
  98   96   46   48 
  98   96   45   48 
  98   95   45   48 
  98   96   45   48 
  98   96   45   48 
  98   96   46   48 
  98   97   46   48 
  98   97   46   48 
  98   97   46   48 
  98   97   46   48 
  98   97   47   48 
  98   97   47   48 
  98   97   46   48 
  98   97   47   48 
  98   97   47   48 
  98   97   47   48 
  98   97   47   48 
  98   97   47   48 
  98   97   47   49 
  98   97   47   49 
  98   97   47   49 
  98   98   47   49 
  98   99   47   49 
  98   99   47   49 
  99   99   47   49 
  99   99   47   49 
  99   99   47   49 
 100   99   47   49 
 100   99   47   49 
 100   99   47   49 
 100   99   47   49 
 100   99   47   49 
 100   99   47   49 
 100   99   48   49 
 100   99   48   49 
 100   99   48   49 
 100   99   48   49 
 100   99   48   49 
 100   99   48   49 
 100   99   48   49 
 100   99   48   49 
 100  100   48   49 
 100  100   48   49 
 100  100   48   49 
 100  100   48   49 
 100  100   48   49 
 100  100   48   49 
 100  100   48   49 
 100  100   49   49 
 100  100   49   49 
 100  100   49   49 
 100  100   49   49 
 100  100   49   49 
 100  100   49   49 
 100  100   49   49 
 100  100   49   49 
 100  100   49   49 
 100  100   49   49 
 100  100   49   49 
 100  100   48   49 
 100   99   48   49 
 100   99   48   49 
 100   99   48   49 
 100   99   48   49 
 100   99   48   49 
 100   99   48   49 
 100   99   49   49 
 100   99   49   49 
 100   99   49   49 
 100   99   49   49 
 100   99   49   49 
  99   99   49   49 
  99   99   49   49 
  99   99   49   49 
  99   99   49   49 
  99   99   49   49 
  99   99   49   49 
  99   99   49   49 
  99   99   49   49 
  99   99   49   49 
  99   99   49   49 
 100   99   49   49 
 100   99   49   49 
 100   99   49   49 
 100   99   49   49 
 100   99   49   49 
 100   99   49   49 
 100   99   49   49 
 100   99   49   49 
 100   99   49   49 
 100   99   49   49 
 100   99   49   49 
 100   98   49   49 
 100   99   49   49 
 100   99   49   49 
 100   99   49   49 
 100   99   49   49 
 100   98   49   49 
 100   99   49   49 
 100   99   49   49 
 100   99   49   49 
 100   98   49   49 
 100   98   49   49 
 100   98   49   49 
 100   98   49   49 
 100   98   49   49 
 100   97   49   49 
 100   98   49   49 
 100   98   49   49 
 100   98   49   49 
 100   98   49   49 
 100   98   49   49 
 100   98   49   49 
 100   98   49   49 
