 Site Number: 240000
 Time (s)          H  
 0.000E+00         0 
 0.259E-08       359 
 0.365E-08       506 
 0.451E-08       583 
 0.530E-08       603 
 0.605E-08       647 
 0.678E-08       672 
 0.747E-08       692 
 0.814E-08       713 
 0.880E-08       722 
 0.946E-08       740 
 0.101E-07       779 
 0.107E-07       803 
 0.113E-07       828 
 0.118E-07       842 
 0.124E-07       884 
 0.129E-07       869 
 0.135E-07       857 
 0.140E-07       868 
 0.146E-07       860 
 0.151E-07       871 
 0.156E-07       902 
 0.162E-07       899 
 0.167E-07       928 
 0.172E-07       884 
 0.177E-07       897 
 0.182E-07       913 
 0.188E-07       878 
 0.193E-07       880 
 0.199E-07       857 
 0.204E-07       842 
 0.210E-07       875 
 0.215E-07       886 
 0.220E-07       874 
 0.226E-07       896 
 0.231E-07       896 
 0.236E-07       908 
 0.241E-07       910 
 0.247E-07       889 
 0.252E-07       896 
 0.257E-07       911 
 0.262E-07       905 
 0.267E-07       893 
 0.273E-07       922 
 0.278E-07       930 
 0.283E-07       915 
 0.288E-07       933 
 0.293E-07       940 
 0.298E-07       925 
 0.303E-07       906 
 0.309E-07       889 
 0.314E-07       870 
 0.319E-07       870 
 0.325E-07       872 
 0.330E-07       872 
 0.335E-07       884 
 0.341E-07       886 
 0.346E-07       892 
 0.351E-07       908 
 0.357E-07       891 
 0.362E-07       876 
 0.367E-07       850 
 0.373E-07       852 
 0.379E-07       835 
 0.384E-07       839 
 0.390E-07       873 
 0.395E-07       846 
 0.401E-07       849 
 0.406E-07       861 
 0.412E-07       913 
 0.417E-07       915 
 0.422E-07       897 
 0.427E-07       894 
 0.433E-07       889 
 0.438E-07       865 
 0.443E-07       863 
 0.449E-07       849 
 0.455E-07       833 
 0.460E-07       829 
 0.466E-07       843 
 0.471E-07       869 
 0.477E-07       819 
 0.483E-07       839 
 0.488E-07       851 
 0.494E-07       877 
 0.499E-07       885 
 0.504E-07       878 
 0.510E-07       894 
 0.515E-07       899 
 0.520E-07       894 
 0.526E-07       869 
 0.531E-07       885 
 0.536E-07       874 
 0.542E-07       859 
 0.547E-07       867 
 0.553E-07       873 
 0.558E-07       891 
 0.563E-07       886 
 0.569E-07       872 
 0.574E-07       867 
 0.580E-07       856 
 0.585E-07       858 
 0.591E-07       854 
 0.596E-07       860 
 0.602E-07       858 
 0.607E-07       863 
 0.612E-07       891 
 0.618E-07       883 
 0.623E-07       918 
 0.628E-07       905 
 0.633E-07       871 
 0.639E-07       886 
 0.644E-07       848 
 0.650E-07       846 
 0.655E-07       865 
 0.661E-07       883 
 0.666E-07       875 
 0.672E-07       887 
 0.677E-07       939 
 0.682E-07       941 
 0.687E-07       930 
 0.692E-07       940 
 0.697E-07       976 
 0.702E-07       960 
 0.707E-07       962 
 0.712E-07       964 
 0.716E-07       980 
 0.721E-07       990 
 0.726E-07       963 
 0.731E-07       959 
 0.736E-07       927 
 0.741E-07       941 
 0.746E-07       923 
 0.751E-07       949 
 0.756E-07       929 
 0.761E-07       928 
 0.766E-07       950 
 0.771E-07       954 
 0.776E-07       970 
 0.781E-07       978 
 0.786E-07       926 
 0.791E-07       922 
 0.796E-07       932 
 0.801E-07       900 
 0.806E-07       888 
 0.812E-07       872 
 0.817E-07       857 
 0.823E-07       842 
 0.828E-07       888 
 0.833E-07       906 
 0.839E-07       890 
 0.844E-07       896 
 0.849E-07       910 
 0.854E-07       889 
 0.860E-07       907 
 0.865E-07       911 
 0.870E-07       889 
 0.875E-07       887 
 0.881E-07       910 
 0.886E-07       910 
 0.891E-07       918 
 0.896E-07       876 
 0.902E-07       884 
 0.907E-07       884 
 0.912E-07       896 
 0.918E-07       898 
 0.923E-07       932 
 0.928E-07       898 
 0.933E-07       883 
 0.938E-07       891 
 0.944E-07       867 
 0.949E-07       865 
 0.955E-07       879 
 0.960E-07       923 
 0.965E-07       909 
 0.970E-07       889 
 0.975E-07       883 
 0.981E-07       887 
 0.986E-07       917 
 0.991E-07       904 
 0.996E-07       901 
 0.100E-06       919 
 0.101E-06       907 
 0.101E-06       931 
 0.102E-06       908 
 0.102E-06       889 
 0.103E-06       877 
 0.103E-06       849 
 0.104E-06       858 
 0.104E-06       854 
 0.105E-06       872 
 0.106E-06       902 
 0.106E-06       902 
 0.107E-06       899 
 0.107E-06       866 
 0.108E-06       888 
 0.108E-06       890 
 0.109E-06       916 
 0.109E-06       884 
 0.110E-06       886 
 0.110E-06       900 
