NumberOfSpeciesType  1
NumberOfEachSpecies 
900 

GridOcc
1 10 1
1 50 1
1 392 1
2 175 1
2 301 1
2 384 1
3 157 1
3 179 1
3 180 1
3 234 1
5 236 1
6 80 1
7 22 1
7 68 1
7 135 1
8 47 1
9 9 1
9 139 1
9 230 1
9 256 1
9 377 1
10 51 1
12 155 1
13 191 1
13 207 1
14 338 1
14 485 1
15 312 1
15 349 1
16 137 1
17 393 1
19 164 1
19 394 1
20 113 1
20 140 1
20 465 1
22 216 1
22 240 1
22 367 1
23 361 1
24 64 1
25 131 1
25 149 1
25 306 1
26 115 1
27 42 1
27 62 1
28 104 1
29 354 1
29 432 1
31 50 1
31 408 1
32 61 1
32 280 1
32 385 1
33 366 1
34 44 1
34 145 1
35 127 1
36 42 1
36 259 1
36 431 1
37 26 1
37 348 1
37 358 1
38 194 1
39 82 1
39 174 1
39 224 1
39 288 1
40 72 1
40 86 1
40 255 1
40 488 1
41 166 1
41 481 1
42 13 1
42 73 1
42 295 1
43 52 1
43 165 1
44 95 1
44 386 1
45 122 1
45 359 1
46 164 1
46 248 1
46 394 1
46 445 1
48 303 1
48 385 1
48 445 1
49 132 1
49 165 1
49 284 1
50 36 1
50 151 1
50 240 1
50 414 1
50 422 1
50 447 1
51 38 1
52 266 1
52 279 1
53 20 1
53 40 1
54 86 1
55 263 1
56 259 1
56 475 1
57 166 1
57 434 1
59 256 1
59 296 1
60 12 1
61 44 1
62 6 1
63 145 1
63 282 1
64 4 1
64 397 1
64 455 1
66 109 1
66 118 1
66 255 1
67 189 1
67 381 1
67 428 1
67 471 1
67 489 1
68 142 1
68 286 1
68 443 1
69 13 1
69 106 1
69 221 1
70 23 1
71 481 1
72 224 1
72 362 1
73 421 1
73 439 1
74 56 1
74 459 1
75 135 1
75 286 1
75 353 1
77 227 1
77 283 1
77 289 1
77 339 1
78 206 1
78 223 1
78 259 1
78 260 1
78 329 1
79 235 1
80 196 1
81 334 1
82 51 1
82 85 1
82 371 1
82 487 1
83 245 1
83 326 1
83 442 1
84 325 1
84 480 1
85 116 1
85 185 1
87 312 1
87 334 1
88 76 1
88 220 1
88 487 1
89 81 1
90 209 1
91 160 1
92 407 1
93 287 1
93 385 1
95 20 1
96 225 1
98 180 1
99 427 1
100 4 1
100 182 1
100 478 1
101 246 1
101 389 1
108 257 1
109 435 1
109 477 1
110 133 1
110 167 1
110 205 1
111 21 1
111 340 1
112 176 1
114 14 1
114 358 1
116 100 1
116 114 1
116 311 1
117 149 1
117 421 1
118 14 1
118 52 1
118 125 1
120 462 1
122 20 1
122 264 1
125 16 1
125 227 1
126 1 1
126 20 1
126 135 1
126 352 1
127 313 1
128 60 1
128 133 1
128 385 1
129 12 1
130 193 1
131 415 1
131 496 1
132 311 1
133 83 1
133 146 1
133 316 1
133 377 1
134 301 1
135 183 1
135 235 1
136 464 1
137 226 1
138 71 1
138 214 1
138 349 1
139 38 1
139 219 1
139 293 1
139 336 1
139 340 1
140 192 1
140 236 1
141 11 1
143 373 1
143 421 1
143 484 1
144 93 1
144 477 1
145 359 1
145 419 1
146 222 1
148 142 1
149 327 1
150 423 1
150 430 1
150 432 1
151 179 1
151 244 1
153 474 1
154 97 1
155 342 1
155 381 1
156 446 1
157 395 1
158 219 1
158 455 1
159 280 1
159 294 1
159 441 1
160 262 1
160 370 1
161 359 1
162 87 1
162 105 1
162 317 1
163 290 1
164 160 1
165 166 1
166 10 1
166 42 1
167 57 1
167 119 1
167 433 1
168 84 1
168 408 1
169 82 1
169 194 1
170 158 1
170 243 1
170 283 1
170 435 1
170 499 1
171 118 1
171 119 1
171 314 1
171 421 1
172 405 1
174 193 1
174 386 1
174 424 1
178 61 1
179 127 1
179 176 1
179 282 1
179 480 1
180 483 1
181 47 1
181 202 1
182 495 1
183 490 1
184 179 1
185 110 1
186 309 1
186 432 1
186 497 1
187 111 1
187 333 1
188 74 1
188 268 1
189 69 1
189 323 1
191 297 1
191 322 1
192 253 1
192 322 1
192 437 1
193 27 1
193 62 1
193 250 1
194 351 1
195 96 1
195 484 1
198 69 1
198 379 1
199 80 1
199 89 1
200 1 1
201 351 1
202 419 1
202 482 1
203 320 1
203 484 1
205 30 1
205 184 1
206 17 1
208 125 1
208 146 1
208 313 1
208 354 1
208 369 1
209 390 1
210 13 1
210 163 1
211 12 1
211 141 1
212 312 1
212 379 1
213 108 1
213 328 1
213 444 1
213 488 1
214 70 1
214 369 1
216 57 1
216 309 1
216 445 1
217 66 1
217 146 1
217 392 1
217 407 1
219 8 1
219 416 1
220 183 1
220 314 1
221 150 1
222 427 1
222 488 1
225 363 1
225 407 1
226 3 1
226 32 1
226 153 1
226 184 1
228 426 1
229 417 1
230 85 1
230 494 1
231 67 1
232 70 1
232 118 1
232 343 1
232 444 1
232 476 1
233 74 1
234 117 1
234 125 1
234 199 1
234 448 1
234 479 1
235 169 1
235 371 1
235 390 1
236 313 1
236 446 1
237 43 1
237 389 1
239 355 1
239 391 1
239 424 1
240 184 1
240 197 1
240 359 1
241 56 1
241 170 1
242 48 1
242 168 1
243 17 1
243 157 1
243 334 1
243 380 1
243 447 1
244 189 1
244 339 1
245 149 1
245 177 1
245 339 1
245 481 1
246 10 1
246 356 1
246 469 1
247 147 1
248 190 1
248 438 1
249 117 1
249 403 1
251 139 1
251 143 1
252 126 1
253 313 1
254 12 1
254 495 1
255 175 1
256 410 1
256 424 1
258 485 1
259 4 1
259 121 1
259 150 1
259 329 1
260 44 1
260 367 1
261 28 1
261 321 1
261 450 1
263 345 1
264 3 1
265 447 1
266 434 1
270 127 1
270 164 1
270 190 1
271 468 1
272 9 1
273 38 1
273 81 1
274 117 1
275 119 1
276 345 1
276 379 1
277 13 1
277 312 1
277 451 1
278 191 1
280 83 1
280 353 1
281 324 1
281 371 1
281 453 1
282 42 1
284 88 1
285 6 1
285 187 1
286 197 1
286 328 1
287 123 1
288 93 1
288 112 1
289 9 1
289 51 1
289 180 1
289 356 1
291 109 1
291 366 1
291 419 1
292 88 1
293 61 1
293 413 1
294 322 1
295 322 1
295 368 1
295 414 1
297 125 1
298 370 1
298 445 1
298 468 1
300 41 1
300 107 1
300 186 1
301 202 1
301 430 1
303 325 1
303 335 1
304 42 1
304 207 1
305 206 1
305 207 1
305 436 1
307 2 1
307 84 1
307 121 1
307 329 1
307 429 1
308 203 1
308 299 1
308 426 1
308 437 1
309 210 1
309 324 1
310 2 1
310 118 1
310 302 1
312 157 1
313 133 1
313 274 1
313 403 1
314 62 1
314 84 1
314 151 1
314 415 1
314 430 1
316 384 1
317 199 1
317 200 1
318 321 1
318 367 1
318 375 1
321 116 1
321 152 1
321 465 1
322 194 1
322 297 1
322 405 1
323 1 1
323 174 1
323 191 1
324 78 1
324 407 1
325 48 1
325 138 1
326 90 1
326 273 1
327 68 1
327 269 1
328 142 1
328 274 1
328 350 1
329 479 1
330 325 1
331 56 1
331 187 1
331 352 1
331 353 1
332 88 1
333 206 1
334 264 1
334 292 1
335 362 1
335 397 1
336 12 1
336 370 1
337 389 1
338 90 1
338 212 1
338 393 1
339 67 1
340 142 1
340 335 1
341 500 1
342 425 1
343 1 1
343 334 1
343 355 1
343 397 1
345 162 1
345 377 1
345 423 1
346 291 1
347 149 1
347 265 1
347 298 1
347 401 1
347 500 1
348 94 1
348 382 1
349 405 1
349 466 1
350 77 1
350 274 1
351 174 1
351 325 1
351 445 1
351 446 1
353 92 1
353 391 1
354 56 1
354 200 1
355 7 1
355 323 1
357 163 1
359 205 1
359 483 1
360 256 1
361 214 1
361 295 1
361 475 1
362 93 1
362 397 1
363 27 1
363 98 1
363 178 1
363 409 1
364 97 1
364 497 1
365 115 1
365 189 1
365 352 1
366 30 1
366 169 1
366 221 1
367 133 1
367 185 1
367 228 1
367 265 1
367 441 1
368 64 1
369 347 1
370 50 1
370 429 1
372 362 1
372 383 1
374 98 1
375 231 1
375 392 1
376 70 1
377 141 1
377 204 1
378 100 1
378 213 1
379 207 1
379 315 1
380 331 1
381 248 1
381 487 1
382 379 1
383 175 1
383 425 1
384 92 1
384 350 1
385 174 1
385 270 1
385 308 1
386 33 1
386 494 1
387 91 1
387 207 1
387 235 1
387 484 1
388 108 1
388 243 1
388 320 1
388 366 1
389 38 1
390 99 1
390 422 1
391 323 1
392 200 1
393 83 1
393 465 1
395 103 1
395 383 1
397 26 1
398 297 1
398 355 1
398 402 1
399 56 1
400 130 1
401 149 1
401 174 1
401 202 1
401 467 1
402 21 1
402 86 1
402 156 1
402 163 1
402 248 1
403 23 1
403 463 1
404 13 1
404 62 1
404 279 1
404 472 1
405 87 1
405 91 1
405 199 1
405 244 1
405 364 1
405 422 1
406 79 1
406 384 1
406 480 1
408 7 1
408 45 1
408 366 1
409 102 1
409 180 1
409 199 1
410 76 1
410 402 1
410 417 1
411 297 1
411 364 1
412 279 1
413 20 1
413 242 1
413 469 1
414 322 1
414 470 1
415 40 1
415 57 1
415 123 1
416 298 1
417 442 1
417 491 1
418 123 1
420 138 1
420 290 1
420 367 1
421 70 1
421 267 1
421 409 1
422 382 1
422 447 1
423 274 1
423 348 1
423 440 1
423 462 1
424 42 1
424 287 1
425 264 1
426 46 1
426 148 1
426 231 1
427 299 1
428 36 1
428 111 1
428 302 1
429 55 1
429 137 1
430 159 1
430 444 1
431 40 1
431 59 1
431 342 1
431 391 1
431 396 1
432 317 1
432 343 1
432 410 1
432 422 1
432 452 1
433 136 1
433 348 1
433 417 1
434 282 1
436 232 1
437 133 1
437 150 1
438 138 1
438 210 1
440 495 1
441 372 1
442 335 1
445 58 1
445 236 1
445 303 1
445 314 1
446 450 1
446 487 1
447 483 1
448 219 1
449 84 1
449 436 1
450 359 1
450 361 1
450 396 1
450 398 1
451 45 1
453 105 1
453 238 1
454 313 1
454 384 1
454 395 1
454 497 1
455 8 1
455 476 1
456 36 1
456 46 1
456 78 1
456 241 1
457 275 1
458 499 1
459 98 1
459 140 1
459 358 1
459 366 1
460 331 1
460 455 1
461 28 1
462 86 1
462 471 1
463 157 1
464 353 1
464 357 1
465 478 1
465 485 1
466 52 1
466 65 1
468 180 1
468 255 1
468 338 1
468 493 1
469 98 1
470 137 1
470 213 1
471 6 1
472 5 1
472 54 1
472 498 1
473 39 1
473 69 1
473 492 1
474 419 1
475 53 1
476 157 1
476 207 1
476 428 1
476 430 1
477 3 1
477 131 1
477 417 1
477 468 1
477 478 1
477 480 1
479 67 1
479 91 1
479 235 1
479 429 1
480 172 1
480 420 1
480 452 1
481 419 1
482 182 1
482 239 1
482 371 1
483 171 1
487 111 1
487 348 1
488 20 1
489 36 1
489 291 1
489 343 1
489 411 1
490 397 1
491 127 1
492 249 1
493 73 1
496 52 1
496 133 1
496 192 1
497 426 1
497 470 1
498 13 1
498 100 1
499 202 1
499 383 1
499 399 1
GridOccNum 900

EdgeSiteNum
  100   100    49    49 
  100   100    49    49 
  100   100    49    49 
  100   100    49    49 

EdgeOccNum
  100    98    49    49 
  100    98    49    49 
  100    98    49    49 
  100    98    49    49 

Edge1
1 1 1 1 1 1 1 1 1 1 1 1 1 1 1 1 1 1 1 1 1 1 1 1 1 1 1 1 1 1 1 1 1 1 1 1 1 1 1 1 1 1 1 1 1 1 1 1 1 1 1 1 1 1 1 1 1 1 1 1 1 1 1 1 1 1 1 1 1 1 1 1 1 1 1 1 1 1 1 1 1 1 1 1 1 1 1 1 1 1 1 1 1 1 1 1 1 1 1 1 
Edge2
1 1 1 1 1 1 1 1 1 1 1 1 1 1 1 1 1 1 1 1 1 1 1 1 1 1 1 1 1 1 1 1 1 1 1 1 1 1 1 1 1 1 1 1 1 1 1 1 1 1 1 1 1 1 1 1 1 1 1 1 1 1 1 1 1 1 0 1 1 1 1 1 0 1 1 1 1 1 1 1 1 1 1 1 1 1 1 1 1 1 1 1 1 1 1 1 1 1 1 1 
Edge3
1 1 1 1 1 1 1 1 1 1 1 1 1 1 1 1 1 1 1 1 1 1 1 1 1 1 1 1 1 1 1 1 1 1 1 1 1 1 1 1 1 1 1 1 1 1 1 1 1 
Edge4
1 1 1 1 1 1 1 1 1 1 1 1 1 1 1 1 1 1 1 1 1 1 1 1 1 1 1 1 1 1 1 1 1 1 1 1 1 1 1 1 1 1 1 1 1 1 1 1 1 
