 Time (s)          H  
 0.000E+00  0.000E+00
 0.766E-08  0.421E-03
 0.117E-07  0.467E-03
 0.154E-07  0.654E-03
 0.184E-07  0.633E-03
 0.215E-07  0.638E-03
 0.242E-07  0.800E-03
 0.266E-07  0.804E-03
 0.291E-07  0.842E-03
 0.314E-07  0.858E-03
 0.336E-07  0.883E-03
 0.357E-07  0.929E-03
 0.377E-07  0.979E-03
 0.397E-07  0.107E-02
 0.415E-07  0.109E-02
 0.432E-07  0.117E-02
 0.449E-07  0.119E-02
 0.466E-07  0.115E-02
 0.482E-07  0.117E-02
 0.499E-07  0.117E-02
 0.516E-07  0.117E-02
 0.532E-07  0.123E-02
 0.548E-07  0.121E-02
 0.564E-07  0.121E-02
 0.580E-07  0.126E-02
 0.595E-07  0.126E-02
 0.612E-07  0.115E-02
 0.628E-07  0.114E-02
 0.645E-07  0.116E-02
 0.662E-07  0.120E-02
 0.679E-07  0.112E-02
 0.696E-07  0.116E-02
 0.713E-07  0.109E-02
 0.730E-07  0.115E-02
 0.748E-07  0.112E-02
 0.765E-07  0.111E-02
 0.783E-07  0.111E-02
 0.800E-07  0.112E-02
 0.818E-07  0.110E-02
 0.836E-07  0.108E-02
 0.854E-07  0.108E-02
 0.873E-07  0.102E-02
 0.892E-07  0.104E-02
 0.911E-07  0.106E-02
 0.929E-07  0.108E-02
 0.947E-07  0.117E-02
 0.963E-07  0.120E-02
 0.979E-07  0.118E-02
 0.996E-07  0.116E-02
 0.101E-06  0.117E-02
 0.103E-06  0.116E-02
 0.105E-06  0.120E-02
 0.106E-06  0.115E-02
 0.108E-06  0.116E-02
 0.110E-06  0.117E-02
 0.111E-06  0.115E-02
 0.113E-06  0.119E-02
 0.115E-06  0.113E-02
 0.116E-06  0.121E-02
 0.118E-06  0.124E-02
 0.120E-06  0.123E-02
 0.121E-06  0.127E-02
 0.123E-06  0.123E-02
 0.124E-06  0.118E-02
 0.126E-06  0.112E-02
 0.128E-06  0.114E-02
 0.130E-06  0.118E-02
 0.131E-06  0.123E-02
 0.133E-06  0.122E-02
 0.134E-06  0.116E-02
 0.136E-06  0.118E-02
 0.138E-06  0.114E-02
 0.140E-06  0.118E-02
 0.141E-06  0.121E-02
 0.143E-06  0.125E-02
 0.144E-06  0.125E-02
 0.146E-06  0.120E-02
 0.148E-06  0.120E-02
 0.149E-06  0.117E-02
 0.151E-06  0.121E-02
 0.153E-06  0.119E-02
 0.154E-06  0.122E-02
 0.156E-06  0.123E-02
 0.158E-06  0.116E-02
 0.159E-06  0.117E-02
 0.161E-06  0.119E-02
 0.163E-06  0.116E-02
 0.164E-06  0.120E-02
 0.166E-06  0.117E-02
 0.168E-06  0.114E-02
 0.169E-06  0.120E-02
 0.171E-06  0.117E-02
 0.173E-06  0.115E-02
 0.174E-06  0.112E-02
 0.176E-06  0.121E-02
 0.178E-06  0.118E-02
 0.179E-06  0.125E-02
 0.181E-06  0.124E-02
 0.182E-06  0.126E-02
 0.184E-06  0.122E-02
 0.186E-06  0.127E-02
 0.187E-06  0.128E-02
 0.189E-06  0.124E-02
 0.190E-06  0.116E-02
 0.192E-06  0.121E-02
 0.194E-06  0.123E-02
 0.195E-06  0.120E-02
 0.197E-06  0.119E-02
 0.198E-06  0.121E-02
 0.200E-06  0.129E-02
 0.202E-06  0.125E-02
 0.203E-06  0.121E-02
 0.205E-06  0.126E-02
 0.206E-06  0.123E-02
 0.208E-06  0.127E-02
 0.209E-06  0.130E-02
 0.211E-06  0.132E-02
 0.212E-06  0.138E-02
 0.214E-06  0.141E-02
 0.215E-06  0.137E-02
 0.217E-06  0.132E-02
 0.218E-06  0.128E-02
 0.220E-06  0.127E-02
 0.221E-06  0.125E-02
 0.223E-06  0.118E-02
 0.224E-06  0.120E-02
 0.226E-06  0.117E-02
 0.228E-06  0.109E-02
 0.230E-06  0.113E-02
 0.231E-06  0.122E-02
 0.233E-06  0.115E-02
 0.235E-06  0.115E-02
 0.236E-06  0.120E-02
 0.238E-06  0.124E-02
 0.239E-06  0.119E-02
 0.241E-06  0.123E-02
 0.243E-06  0.123E-02
 0.244E-06  0.114E-02
 0.246E-06  0.118E-02
 0.248E-06  0.115E-02
 0.249E-06  0.118E-02
 0.251E-06  0.117E-02
 0.253E-06  0.120E-02
 0.254E-06  0.124E-02
 0.256E-06  0.124E-02
 0.258E-06  0.117E-02
 0.259E-06  0.117E-02
 0.261E-06  0.115E-02
 0.263E-06  0.115E-02
 0.264E-06  0.112E-02
 0.266E-06  0.113E-02
 0.268E-06  0.115E-02
 0.270E-06  0.115E-02
 0.271E-06  0.112E-02
 0.273E-06  0.112E-02
 0.275E-06  0.111E-02
 0.277E-06  0.109E-02
 0.278E-06  0.108E-02
 0.280E-06  0.106E-02
 0.282E-06  0.108E-02
 0.284E-06  0.113E-02
 0.285E-06  0.117E-02
 0.287E-06  0.116E-02
 0.289E-06  0.117E-02
 0.291E-06  0.114E-02
 0.292E-06  0.113E-02
 0.294E-06  0.108E-02
 0.296E-06  0.112E-02
 0.298E-06  0.109E-02
 0.299E-06  0.105E-02
 0.301E-06  0.110E-02
 0.303E-06  0.108E-02
 0.305E-06  0.113E-02
 0.307E-06  0.105E-02
 0.308E-06  0.103E-02
 0.310E-06  0.102E-02
 0.312E-06  0.967E-03
 0.314E-06  0.104E-02
 0.316E-06  0.108E-02
 0.318E-06  0.113E-02
 0.320E-06  0.114E-02
 0.321E-06  0.120E-02
 0.323E-06  0.119E-02
 0.325E-06  0.120E-02
 0.326E-06  0.113E-02
 0.328E-06  0.115E-02
 0.330E-06  0.114E-02
 0.331E-06  0.112E-02
 0.333E-06  0.112E-02
 0.335E-06  0.112E-02
 0.337E-06  0.114E-02
 0.338E-06  0.108E-02
 0.340E-06  0.113E-02
 0.342E-06  0.116E-02
 0.344E-06  0.108E-02
 0.346E-06  0.106E-02
 0.347E-06  0.110E-02
 0.349E-06  0.112E-02
 0.351E-06  0.111E-02
 0.353E-06  0.116E-02
 0.354E-06  0.112E-02
