 EdgeSiteNum:  100  100   49   49 
 EdgeOccNum:
   7    6    4    2 
  20   14    6    6 
  29   20    8   10 
  37   27   10   14 
  46   34   14   19 
  51   39   13   23 
  54   44   17   26 
  60   47   19   28 
  64   52   20   34 
  67   57   22   36 
  72   62   23   38 
  74   65   25   39 
  76   66   28   38 
  78   73   33   38 
  77   74   33   38 
  80   75   34   38 
  81   75   35   38 
  81   73   36   40 
  83   75   37   39 
  83   78   39   39 
  84   78   41   39 
  86   80   42   40 
  87   81   42   41 
  86   83   43   41 
  86   82   42   41 
  87   82   43   41 
  87   83   43   42 
  87   83   42   41 
  86   83   42   41 
  87   83   42   41 
  88   83   42   42 
  88   81   43   42 
  87   80   43   43 
  89   80   43   43 
  91   83   43   41 
  91   84   43   40 
  92   85   42   41 
  92   86   42   41 
  91   86   41   43 
  90   86   43   45 
  91   86   44   45 
  91   86   45   45 
  91   86   45   46 
  91   86   45   46 
  91   86   45   46 
  91   86   45   46 
  92   86   46   46 
  92   87   46   46 
  92   87   47   46 
  91   88   47   46 
  91   88   47   46 
  91   89   47   46 
  91   88   47   46 
  92   90   47   46 
  91   92   47   46 
  89   91   47   46 
  90   92   47   46 
  91   91   47   45 
  91   91   47   46 
  92   93   47   46 
  92   93   47   47 
  93   93   47   46 
  94   94   47   45 
  93   94   47   45 
  94   94   48   46 
  94   94   48   45 
  94   94   48   45 
  94   94   48   46 
  95   95   48   46 
  95   95   48   46 
  95   95   46   46 
  95   95   47   47 
  95   94   47   47 
  94   94   47   47 
  95   95   47   47 
  95   95   47   47 
  95   96   46   47 
  95   96   47   47 
  95   96   47   47 
  94   96   47   47 
  93   96   48   47 
  93   96   48   47 
  94   97   48   47 
  95   97   48   47 
  95   97   48   47 
  95   97   48   47 
  95   96   48   47 
  95   96   48   47 
  95   96   48   47 
  96   96   48   46 
  98   94   48   47 
  98   94   48   46 
  98   94   48   47 
  98   94   48   47 
  98   95   48   47 
  98   95   48   47 
  97   96   48   47 
  97   96   48   47 
  96   96   48   47 
  96   96   48   47 
  97   96   48   47 
  97   96   48   47 
  97   96   48   47 
  98   96   48   46 
  98   96   48   47 
  98   96   49   46 
  98   96   49   46 
  98   96   49   46 
  98   96   49   46 
  97   96   49   46 
  98   96   49   46 
  98   96   49   46 
  98   96   49   46 
  98   96   49   46 
  98   95   49   46 
  98   95   49   46 
  97   96   49   46 
  97   96   49   46 
  97   96   49   45 
  97   96   49   45 
  97   96   49   45 
  97   96   49   46 
  97   96   49   46 
  97   98   49   45 
  97   98   49   44 
  95   98   49   44 
  95   98   49   44 
  95   97   49   46 
  95   96   49   46 
  95   96   49   46 
  95   98   49   46 
  95   98   49   46 
  93   98   49   46 
  94   98   49   46 
  94   98   49   46 
  93   98   49   45 
  94   98   49   45 
  93   98   49   46 
  94   98   49   46 
  94   98   49   46 
  94   98   49   46 
  97   98   49   46 
  97   98   49   46 
  97   98   49   46 
  97   98   49   45 
  97   97   49   45 
  97   97   49   45 
  97   97   49   46 
  97   97   48   46 
  96   97   48   45 
  96   96   48   46 
  95   96   48   46 
  95   96   48   46 
  95   96   48   46 
  93   96   48   47 
  94   95   48   47 
  94   94   48   47 
  95   94   48   47 
  95   94   48   48 
  94   94   48   48 
  94   95   48   48 
  95   95   48   48 
  95   94   48   48 
  95   94   48   48 
  95   94   48   48 
  95   94   48   48 
  95   93   48   48 
  94   93   49   48 
  94   94   48   48 
  95   94   48   48 
  95   94   47   47 
  95   95   48   47 
  95   95   48   48 
  97   95   48   48 
  97   95   48   48 
  97   94   48   48 
  96   93   48   48 
  97   93   48   48 
  96   94   48   48 
  95   93   48   48 
  96   94   47   48 
  96   94   48   47 
  97   94   47   48 
  98   95   47   48 
  98   94   48   48 
  98   94   48   48 
  98   93   48   48 
  98   94   47   48 
  98   94   47   48 
  98   94   46   48 
  98   94   47   48 
  98   94   47   48 
  98   94   46   48 
  98   94   47   48 
  98   94   48   48 
  98   94   48   48 
  98   94   48   48 
  98   94   48   48 
  98   94   48   48 
  98   93   48   48 
