 Site Number: 240000
 Time (s)          H  
 0.000E+00         0 
 0.766E-08       101 
 0.117E-07       112 
 0.154E-07       157 
 0.184E-07       152 
 0.215E-07       153 
 0.242E-07       192 
 0.266E-07       193 
 0.291E-07       202 
 0.314E-07       206 
 0.336E-07       212 
 0.357E-07       223 
 0.377E-07       235 
 0.397E-07       256 
 0.415E-07       262 
 0.432E-07       282 
 0.449E-07       285 
 0.466E-07       275 
 0.482E-07       280 
 0.499E-07       282 
 0.516E-07       281 
 0.532E-07       294 
 0.548E-07       290 
 0.564E-07       291 
 0.580E-07       303 
 0.595E-07       303 
 0.612E-07       277 
 0.628E-07       273 
 0.645E-07       279 
 0.662E-07       288 
 0.679E-07       269 
 0.696E-07       279 
 0.713E-07       262 
 0.730E-07       277 
 0.748E-07       269 
 0.765E-07       266 
 0.783E-07       266 
 0.800E-07       270 
 0.818E-07       263 
 0.836E-07       259 
 0.854E-07       258 
 0.873E-07       244 
 0.892E-07       249 
 0.911E-07       254 
 0.929E-07       258 
 0.947E-07       280 
 0.963E-07       288 
 0.979E-07       284 
 0.996E-07       279 
 0.101E-06       280 
 0.103E-06       278 
 0.105E-06       288 
 0.106E-06       275 
 0.108E-06       279 
 0.110E-06       280 
 0.111E-06       277 
 0.113E-06       286 
 0.115E-06       272 
 0.116E-06       291 
 0.118E-06       298 
 0.120E-06       295 
 0.121E-06       304 
 0.123E-06       296 
 0.124E-06       283 
 0.126E-06       270 
 0.128E-06       273 
 0.130E-06       284 
 0.131E-06       296 
 0.133E-06       293 
 0.134E-06       279 
 0.136E-06       283 
 0.138E-06       273 
 0.140E-06       283 
 0.141E-06       290 
 0.143E-06       299 
 0.144E-06       299 
 0.146E-06       287 
 0.148E-06       289 
 0.149E-06       280 
 0.151E-06       290 
 0.153E-06       285 
 0.154E-06       293 
 0.156E-06       295 
 0.158E-06       279 
 0.159E-06       282 
 0.161E-06       286 
 0.163E-06       278 
 0.164E-06       287 
 0.166E-06       281 
 0.168E-06       273 
 0.169E-06       289 
 0.171E-06       280 
 0.173E-06       275 
 0.174E-06       270 
 0.176E-06       290 
 0.178E-06       283 
 0.179E-06       299 
 0.181E-06       297 
 0.182E-06       303 
 0.184E-06       292 
 0.186E-06       304 
 0.187E-06       307 
 0.189E-06       297 
 0.190E-06       279 
 0.192E-06       291 
 0.194E-06       296 
 0.195E-06       288 
 0.197E-06       286 
 0.198E-06       290 
 0.200E-06       310 
 0.202E-06       299 
 0.203E-06       290 
 0.205E-06       302 
 0.206E-06       296 
 0.208E-06       304 
 0.209E-06       313 
 0.211E-06       317 
 0.212E-06       331 
 0.214E-06       339 
 0.215E-06       330 
 0.217E-06       318 
 0.218E-06       306 
 0.220E-06       305 
 0.221E-06       301 
 0.223E-06       284 
 0.224E-06       287 
 0.226E-06       281 
 0.228E-06       261 
 0.230E-06       272 
 0.231E-06       293 
 0.233E-06       275 
 0.235E-06       275 
 0.236E-06       289 
 0.238E-06       297 
 0.239E-06       286 
 0.241E-06       294 
 0.243E-06       294 
 0.244E-06       273 
 0.246E-06       283 
 0.248E-06       276 
 0.249E-06       284 
 0.251E-06       282 
 0.253E-06       287 
 0.254E-06       297 
 0.256E-06       297 
 0.258E-06       282 
 0.259E-06       281 
 0.261E-06       275 
 0.263E-06       276 
 0.264E-06       269 
 0.266E-06       271 
 0.268E-06       275 
 0.270E-06       276 
 0.271E-06       268 
 0.273E-06       270 
 0.275E-06       267 
 0.277E-06       261 
 0.278E-06       260 
 0.280E-06       255 
 0.282E-06       258 
 0.284E-06       271 
 0.285E-06       280 
 0.287E-06       279 
 0.289E-06       280 
 0.291E-06       274 
 0.292E-06       272 
 0.294E-06       260 
 0.296E-06       269 
 0.298E-06       261 
 0.299E-06       253 
 0.301E-06       264 
 0.303E-06       258 
 0.305E-06       272 
 0.307E-06       253 
 0.308E-06       247 
 0.310E-06       245 
 0.312E-06       232 
 0.314E-06       250 
 0.316E-06       259 
 0.318E-06       271 
 0.320E-06       273 
 0.321E-06       288 
 0.323E-06       286 
 0.325E-06       289 
 0.326E-06       271 
 0.328E-06       277 
 0.330E-06       273 
 0.331E-06       270 
 0.333E-06       270 
 0.335E-06       270 
 0.337E-06       273 
 0.338E-06       260 
 0.340E-06       272 
 0.342E-06       279 
 0.344E-06       260 
 0.346E-06       255 
 0.347E-06       265 
 0.349E-06       269 
 0.351E-06       267 
 0.353E-06       279 
 0.354E-06       268 
