NumberOfSpeciesType  1
NumberOfEachSpecies 
268 

GridOcc
2 76 1
3 105 1
7 98 1
10 88 1
11 189 1
12 94 1
13 423 1
16 57 1
16 170 1
18 104 1
19 436 1
21 385 1
21 417 1
21 430 1
22 89 1
24 185 1
24 475 1
25 179 1
30 263 1
33 77 1
34 31 1
34 146 1
37 85 1
40 427 1
41 135 1
41 468 1
42 16 1
44 460 1
47 226 1
50 434 1
53 34 1
53 390 1
54 161 1
57 3 1
61 12 1
63 85 1
64 158 1
70 413 1
72 245 1
72 397 1
74 256 1
75 297 1
75 376 1
83 28 1
83 370 1
85 37 1
85 246 1
86 421 1
87 124 1
88 90 1
93 135 1
93 396 1
95 92 1
95 156 1
95 217 1
99 202 1
99 486 1
100 1 1
100 274 1
101 372 1
102 172 1
103 249 1
104 367 1
106 128 1
107 16 1
108 266 1
114 365 1
116 74 1
116 84 1
119 43 1
121 99 1
122 31 1
123 337 1
124 428 1
129 101 1
135 218 1
140 252 1
141 364 1
141 453 1
142 356 1
145 14 1
147 429 1
148 406 1
149 175 1
150 51 1
151 17 1
152 411 1
153 246 1
158 493 1
161 303 1
162 282 1
163 351 1
165 445 1
169 3 1
169 495 1
170 253 1
172 149 1
173 204 1
177 153 1
178 191 1
180 297 1
181 217 1
182 455 1
182 459 1
185 326 1
186 429 1
187 247 1
188 193 1
189 284 1
190 262 1
190 457 1
191 325 1
193 499 1
195 45 1
195 83 1
196 473 1
199 498 1
201 394 1
203 116 1
205 191 1
212 109 1
219 46 1
221 413 1
225 171 1
227 365 1
232 424 1
234 313 1
235 26 1
235 424 1
242 161 1
246 427 1
254 499 1
255 93 1
256 413 1
257 63 1
260 467 1
260 470 1
264 50 1
266 86 1
268 86 1
270 15 1
271 53 1
271 451 1
272 342 1
274 61 1
276 24 1
277 197 1
277 479 1
278 145 1
278 363 1
279 68 1
279 82 1
280 379 1
280 448 1
281 463 1
281 486 1
282 125 1
282 459 1
290 326 1
296 438 1
297 460 1
300 471 1
302 37 1
302 201 1
303 432 1
305 50 1
305 445 1
306 133 1
307 7 1
307 169 1
308 98 1
316 36 1
319 98 1
319 200 1
321 58 1
329 262 1
331 369 1
334 109 1
334 193 1
336 164 1
336 381 1
339 160 1
341 411 1
344 67 1
346 60 1
348 105 1
354 115 1
359 436 1
363 494 1
365 40 1
366 109 1
367 145 1
372 26 1
372 213 1
374 222 1
379 107 1
380 142 1
383 310 1
384 88 1
385 4 1
387 207 1
389 90 1
389 203 1
391 119 1
392 472 1
393 226 1
399 482 1
400 163 1
400 363 1
402 448 1
403 258 1
407 348 1
409 225 1
412 183 1
412 265 1
413 30 1
415 397 1
416 383 1
421 319 1
422 52 1
423 294 1
424 416 1
427 251 1
428 67 1
428 355 1
430 82 1
431 4 1
431 169 1
432 91 1
434 427 1
439 27 1
441 28 1
442 367 1
443 109 1
448 195 1
448 244 1
448 493 1
449 138 1
449 396 1
451 137 1
452 265 1
455 6 1
455 363 1
455 426 1
456 203 1
457 114 1
461 290 1
462 109 1
462 172 1
464 254 1
464 450 1
468 233 1
469 51 1
471 378 1
476 264 1
476 459 1
478 334 1
479 377 1
484 126 1
487 96 1
490 222 1
493 58 1
495 102 1
496 181 1
496 480 1
496 498 1
498 185 1
500 335 1
GridOccNum 268

EdgeSiteNum
  100   100    49    49 
  100   100    49    49 
  100   100    49    49 
  100   100    49    49 

EdgeOccNum
   98    93    48    48 
   98    93    48    48 
   98    93    48    48 
   98    93    48    48 

Edge1
1 1 1 1 1 1 1 1 1 1 1 1 1 1 1 1 1 1 1 1 1 1 1 1 1 1 1 1 1 1 1 1 1 0 1 1 1 1 1 1 1 1 1 1 1 1 0 1 1 1 1 1 1 1 1 1 1 1 1 1 1 1 1 1 1 1 1 1 1 1 1 1 1 1 1 1 1 1 1 1 1 1 1 1 1 1 1 1 1 1 1 1 1 1 1 1 1 1 1 1 
Edge2
1 1 1 1 1 1 1 1 1 1 1 1 0 1 1 1 1 1 1 1 1 1 1 1 1 1 0 1 1 0 1 1 1 1 1 1 1 1 1 1 1 1 1 1 1 1 1 1 1 1 1 1 1 1 1 1 1 1 1 1 0 1 1 1 1 1 1 1 1 1 1 1 1 0 1 1 1 1 1 1 1 1 1 1 1 1 1 1 1 1 1 0 1 1 0 1 1 1 1 1 
Edge3
1 1 1 1 1 1 1 1 1 1 1 1 1 1 1 1 0 1 1 1 1 1 1 1 1 1 1 1 1 1 1 1 1 1 1 1 1 1 1 1 1 1 1 1 1 1 1 1 1 
Edge4
1 0 1 1 1 1 1 1 1 1 1 1 1 1 1 1 1 1 1 1 1 1 1 1 1 1 1 1 1 1 1 1 1 1 1 1 1 1 1 1 1 1 1 1 1 1 1 1 1 
