 Time (s)          H  
 0.000E+00  0.000E+00
 0.761E-08  0.471E-03
 0.112E-07  0.638E-03
 0.141E-07  0.708E-03
 0.167E-07  0.833E-03
 0.190E-07  0.879E-03
 0.213E-07  0.858E-03
 0.236E-07  0.875E-03
 0.258E-07  0.883E-03
 0.279E-07  0.979E-03
 0.300E-07  0.971E-03
 0.319E-07  0.100E-02
 0.339E-07  0.962E-03
 0.359E-07  0.983E-03
 0.379E-07  0.100E-02
 0.398E-07  0.105E-02
 0.417E-07  0.104E-02
 0.436E-07  0.103E-02
 0.455E-07  0.104E-02
 0.474E-07  0.105E-02
 0.492E-07  0.103E-02
 0.511E-07  0.105E-02
 0.529E-07  0.114E-02
 0.547E-07  0.108E-02
 0.565E-07  0.105E-02
 0.584E-07  0.110E-02
 0.601E-07  0.112E-02
 0.618E-07  0.116E-02
 0.636E-07  0.114E-02
 0.653E-07  0.110E-02
 0.670E-07  0.115E-02
 0.687E-07  0.112E-02
 0.705E-07  0.112E-02
 0.723E-07  0.108E-02
 0.740E-07  0.116E-02
 0.757E-07  0.116E-02
 0.774E-07  0.117E-02
 0.791E-07  0.116E-02
 0.808E-07  0.117E-02
 0.825E-07  0.117E-02
 0.842E-07  0.116E-02
 0.859E-07  0.114E-02
 0.877E-07  0.110E-02
 0.894E-07  0.109E-02
 0.913E-07  0.102E-02
 0.932E-07  0.100E-02
 0.951E-07  0.108E-02
 0.969E-07  0.113E-02
 0.986E-07  0.111E-02
 0.100E-06  0.111E-02
 0.102E-06  0.108E-02
 0.104E-06  0.115E-02
 0.106E-06  0.114E-02
 0.107E-06  0.117E-02
 0.109E-06  0.116E-02
 0.111E-06  0.113E-02
 0.113E-06  0.111E-02
 0.114E-06  0.111E-02
 0.116E-06  0.107E-02
 0.118E-06  0.115E-02
 0.120E-06  0.115E-02
 0.121E-06  0.118E-02
 0.123E-06  0.117E-02
 0.125E-06  0.123E-02
 0.126E-06  0.118E-02
 0.128E-06  0.121E-02
 0.129E-06  0.121E-02
 0.131E-06  0.123E-02
 0.133E-06  0.127E-02
 0.134E-06  0.123E-02
 0.136E-06  0.121E-02
 0.137E-06  0.120E-02
 0.139E-06  0.115E-02
 0.141E-06  0.115E-02
 0.142E-06  0.122E-02
 0.144E-06  0.124E-02
 0.146E-06  0.119E-02
 0.147E-06  0.112E-02
 0.149E-06  0.111E-02
 0.151E-06  0.108E-02
 0.153E-06  0.110E-02
 0.154E-06  0.107E-02
 0.156E-06  0.115E-02
 0.158E-06  0.114E-02
 0.160E-06  0.111E-02
 0.161E-06  0.109E-02
 0.163E-06  0.103E-02
 0.165E-06  0.975E-03
 0.167E-06  0.102E-02
 0.169E-06  0.996E-03
 0.171E-06  0.103E-02
 0.173E-06  0.110E-02
 0.175E-06  0.109E-02
 0.177E-06  0.114E-02
 0.178E-06  0.118E-02
 0.180E-06  0.118E-02
 0.182E-06  0.120E-02
 0.183E-06  0.119E-02
 0.185E-06  0.122E-02
 0.186E-06  0.120E-02
 0.188E-06  0.115E-02
 0.190E-06  0.112E-02
 0.191E-06  0.117E-02
 0.193E-06  0.120E-02
 0.195E-06  0.119E-02
 0.196E-06  0.124E-02
 0.198E-06  0.119E-02
 0.200E-06  0.120E-02
 0.201E-06  0.123E-02
 0.203E-06  0.126E-02
 0.204E-06  0.125E-02
 0.206E-06  0.127E-02
 0.207E-06  0.135E-02
 0.209E-06  0.135E-02
 0.210E-06  0.136E-02
 0.212E-06  0.131E-02
 0.213E-06  0.126E-02
 0.215E-06  0.125E-02
 0.216E-06  0.130E-02
 0.218E-06  0.128E-02
 0.219E-06  0.130E-02
 0.221E-06  0.124E-02
 0.223E-06  0.124E-02
 0.224E-06  0.124E-02
 0.226E-06  0.125E-02
 0.227E-06  0.122E-02
 0.229E-06  0.110E-02
 0.231E-06  0.117E-02
 0.232E-06  0.116E-02
 0.234E-06  0.112E-02
 0.236E-06  0.111E-02
 0.238E-06  0.117E-02
 0.239E-06  0.114E-02
 0.241E-06  0.120E-02
 0.243E-06  0.118E-02
 0.244E-06  0.120E-02
 0.246E-06  0.121E-02
 0.248E-06  0.120E-02
 0.249E-06  0.122E-02
 0.251E-06  0.118E-02
 0.252E-06  0.118E-02
 0.254E-06  0.121E-02
 0.256E-06  0.119E-02
 0.257E-06  0.118E-02
 0.259E-06  0.115E-02
 0.261E-06  0.110E-02
 0.263E-06  0.119E-02
 0.264E-06  0.118E-02
 0.266E-06  0.115E-02
 0.268E-06  0.114E-02
 0.269E-06  0.115E-02
 0.271E-06  0.111E-02
 0.273E-06  0.105E-02
 0.275E-06  0.105E-02
 0.277E-06  0.105E-02
 0.278E-06  0.108E-02
 0.280E-06  0.101E-02
 0.282E-06  0.113E-02
 0.284E-06  0.116E-02
 0.286E-06  0.115E-02
 0.287E-06  0.112E-02
 0.289E-06  0.107E-02
 0.291E-06  0.105E-02
 0.293E-06  0.116E-02
 0.294E-06  0.110E-02
 0.296E-06  0.115E-02
 0.298E-06  0.112E-02
 0.300E-06  0.112E-02
 0.301E-06  0.113E-02
 0.303E-06  0.108E-02
 0.305E-06  0.113E-02
 0.307E-06  0.118E-02
 0.308E-06  0.120E-02
 0.310E-06  0.127E-02
 0.311E-06  0.125E-02
 0.313E-06  0.125E-02
 0.314E-06  0.130E-02
 0.316E-06  0.129E-02
 0.317E-06  0.132E-02
 0.319E-06  0.133E-02
 0.320E-06  0.129E-02
 0.322E-06  0.126E-02
 0.324E-06  0.123E-02
 0.325E-06  0.112E-02
 0.327E-06  0.113E-02
 0.329E-06  0.119E-02
 0.330E-06  0.114E-02
 0.332E-06  0.115E-02
 0.334E-06  0.118E-02
 0.335E-06  0.116E-02
 0.337E-06  0.125E-02
 0.339E-06  0.122E-02
 0.340E-06  0.125E-02
 0.342E-06  0.123E-02
 0.343E-06  0.122E-02
 0.345E-06  0.121E-02
 0.347E-06  0.117E-02
 0.348E-06  0.122E-02
 0.350E-06  0.116E-02
 0.352E-06  0.115E-02
 0.353E-06  0.116E-02
