 EdgeSiteNum:  100  100   49   49 
 EdgeOccNum:
   7   10    3    5 
  15   16    5    9 
  22   24    9   11 
  25   28   10   15 
  27   30   12   16 
  32   35   14   21 
  37   43   16   24 
  40   45   18   25 
  43   49   20   25 
  49   52   21   25 
  52   53   21   26 
  55   56   21   29 
  57   58   22   31 
  56   58   23   30 
  56   59   22   31 
  60   59   26   33 
  60   62   27   33 
  62   61   26   32 
  63   65   26   31 
  64   64   28   32 
  65   65   29   33 
  65   65   30   33 
  65   68   29   32 
  67   70   29   33 
  66   72   27   34 
  69   72   27   34 
  66   72   29   34 
  68   73   30   34 
  69   72   29   33 
  65   70   31   33 
  67   75   28   32 
  68   75   31   32 
  69   76   33   30 
  68   74   29   31 
  69   75   29   32 
  67   75   29   33 
  68   75   30   33 
  68   74   29   35 
  68   75   30   35 
  69   74   30   34 
  68   72   30   34 
  70   71   29   34 
  71   71   29   34 
  72   74   28   34 
  73   75   29   35 
  74   71   31   34 
  73   71   31   35 
  74   69   32   35 
  75   72   33   35 
  74   72   35   35 
  75   72   34   35 
  75   73   34   34 
  74   74   34   35 
  73   75   33   36 
  76   76   34   37 
  76   74   34   37 
  77   74   35   37 
  78   75   35   37 
  77   75   34   37 
  78   73   35   37 
  76   73   35   37 
  75   73   37   37 
  76   74   35   37 
  75   75   35   36 
  76   76   35   36 
  76   77   35   37 
  78   75   34   37 
  77   76   34   37 
  76   79   35   37 
  76   77   35   37 
  76   79   37   37 
  77   79   36   36 
  76   80   36   36 
  75   81   36   36 
  76   81   34   36 
  75   81   35   36 
  77   81   35   36 
  76   80   34   36 
  74   80   33   35 
  74   80   33   35 
  74   80   32   37 
  74   80   31   36 
  74   79   33   36 
  74   82   34   35 
  76   79   34   35 
  75   78   34   35 
  76   78   36   36 
  77   77   35   36 
  77   77   35   36 
  74   75   36   35 
  73   77   35   34 
  72   78   32   34 
  73   79   32   33 
  75   82   33   33 
  75   82   32   36 
  77   82   32   37 
  76   81   35   37 
  78   82   35   37 
  78   82   35   37 
  78   83   36   37 
  78   81   36   36 
  79   81   36   36 
  78   82   35   36 
  77   82   36   36 
  79   82   37   36 
  79   80   38   35 
  80   80   37   33 
  81   84   37   33 
  80   85   39   32 
  79   85   38   33 
  79   85   39   34 
  79   85   38   34 
  79   85   39   34 
  78   85   39   34 
  79   85   39   34 
  81   85   38   34 
  79   85   38   32 
  79   84   38   33 
  78   84   39   34 
  80   84   39   35 
  80   84   40   35 
  80   85   40   35 
  80   85   40   35 
  81   85   40   35 
  82   86   40   35 
  82   86   40   35 
  80   86   40   35 
  81   86   40   33 
  81   86   40   33 
  81   86   40   35 
  82   86   40   36 
  83   87   39   35 
  83   87   39   35 
  84   87   40   35 
  84   87   40   35 
  83   85   40   33 
  83   86   41   33 
  83   87   41   34 
  83   86   40   33 
  83   85   40   34 
  84   85   40   32 
  84   85   40   33 
  83   84   40   32 
  83   84   40   35 
  84   84   40   37 
  83   84   41   36 
  83   83   41   35 
  83   83   41   35 
  84   82   40   34 
  84   83   40   34 
  83   82   39   35 
  84   84   40   35 
  85   84   38   36 
  87   84   39   36 
  86   83   40   35 
  87   83   39   34 
  87   84   40   36 
  88   84   39   37 
  89   83   40   38 
  90   84   41   39 
  90   84   41   39 
  90   85   41   39 
  90   87   39   40 
  92   86   40   39 
  91   85   40   40 
  89   84   41   40 
  89   86   40   40 
  89   86   40   40 
  91   88   39   40 
  90   87   39   40 
  89   87   38   38 
  88   86   39   38 
  89   86   39   36 
  89   86   39   37 
  88   87   39   37 
  88   87   39   38 
  88   86   40   40 
  88   86   40   40 
  88   87   40   40 
  88   87   40   40 
  89   87   40   41 
  89   87   39   41 
  89   87   39   41 
  89   88   40   41 
  89   88   41   40 
  89   88   41   40 
  89   88   41   41 
  90   87   40   41 
  89   86   41   40 
  89   85   40   39 
  89   86   39   41 
  89   84   39   41 
  89   85   40   41 
  89   85   39   41 
  88   84   39   41 
  87   82   39   41 
  87   81   40   41 
  87   84   41   41 
  88   84   41   40 
  89   85   41   40 
