 Site Number: 240000
 Time (s)          H  
 0.000E+00         0 
 0.761E-08       113 
 0.112E-07       153 
 0.141E-07       170 
 0.167E-07       200 
 0.190E-07       211 
 0.213E-07       206 
 0.236E-07       210 
 0.258E-07       212 
 0.279E-07       235 
 0.300E-07       233 
 0.319E-07       240 
 0.339E-07       231 
 0.359E-07       236 
 0.379E-07       241 
 0.398E-07       252 
 0.417E-07       250 
 0.436E-07       248 
 0.455E-07       249 
 0.474E-07       253 
 0.492E-07       248 
 0.511E-07       252 
 0.529E-07       273 
 0.547E-07       258 
 0.565E-07       253 
 0.584E-07       265 
 0.601E-07       268 
 0.618E-07       279 
 0.636E-07       273 
 0.653E-07       265 
 0.670E-07       275 
 0.687E-07       268 
 0.705E-07       268 
 0.723E-07       260 
 0.740E-07       278 
 0.757E-07       279 
 0.774E-07       282 
 0.791E-07       278 
 0.808E-07       280 
 0.825E-07       282 
 0.842E-07       279 
 0.859E-07       274 
 0.877E-07       264 
 0.894E-07       261 
 0.913E-07       244 
 0.932E-07       240 
 0.951E-07       258 
 0.969E-07       272 
 0.986E-07       266 
 0.100E-06       267 
 0.102E-06       260 
 0.104E-06       276 
 0.106E-06       274 
 0.107E-06       281 
 0.109E-06       279 
 0.111E-06       271 
 0.113E-06       267 
 0.114E-06       267 
 0.116E-06       257 
 0.118E-06       275 
 0.120E-06       277 
 0.121E-06       283 
 0.123E-06       280 
 0.125E-06       296 
 0.126E-06       283 
 0.128E-06       291 
 0.129E-06       291 
 0.131E-06       294 
 0.133E-06       304 
 0.134E-06       295 
 0.136E-06       291 
 0.137E-06       289 
 0.139E-06       276 
 0.141E-06       276 
 0.142E-06       292 
 0.144E-06       297 
 0.146E-06       285 
 0.147E-06       269 
 0.149E-06       266 
 0.151E-06       260 
 0.153E-06       264 
 0.154E-06       257 
 0.156E-06       275 
 0.158E-06       274 
 0.160E-06       267 
 0.161E-06       262 
 0.163E-06       248 
 0.165E-06       234 
 0.167E-06       245 
 0.169E-06       239 
 0.171E-06       246 
 0.173E-06       264 
 0.175E-06       261 
 0.177E-06       274 
 0.178E-06       284 
 0.180E-06       284 
 0.182E-06       287 
 0.183E-06       286 
 0.185E-06       293 
 0.186E-06       287 
 0.188E-06       277 
 0.190E-06       270 
 0.191E-06       281 
 0.193E-06       288 
 0.195E-06       286 
 0.196E-06       297 
 0.198E-06       285 
 0.200E-06       289 
 0.201E-06       296 
 0.203E-06       302 
 0.204E-06       301 
 0.206E-06       305 
 0.207E-06       324 
 0.209E-06       325 
 0.210E-06       326 
 0.212E-06       315 
 0.213E-06       302 
 0.215E-06       300 
 0.216E-06       312 
 0.218E-06       307 
 0.219E-06       312 
 0.221E-06       297 
 0.223E-06       298 
 0.224E-06       298 
 0.226E-06       301 
 0.227E-06       293 
 0.229E-06       265 
 0.231E-06       281 
 0.232E-06       278 
 0.234E-06       270 
 0.236E-06       266 
 0.238E-06       280 
 0.239E-06       274 
 0.241E-06       288 
 0.243E-06       284 
 0.244E-06       288 
 0.246E-06       291 
 0.248E-06       289 
 0.249E-06       293 
 0.251E-06       284 
 0.252E-06       284 
 0.254E-06       291 
 0.256E-06       286 
 0.257E-06       283 
 0.259E-06       276 
 0.261E-06       265 
 0.263E-06       286 
 0.264E-06       284 
 0.266E-06       276 
 0.268E-06       274 
 0.269E-06       277 
 0.271E-06       267 
 0.273E-06       253 
 0.275E-06       251 
 0.277E-06       252 
 0.278E-06       260 
 0.280E-06       243 
 0.282E-06       271 
 0.284E-06       278 
 0.286E-06       276 
 0.287E-06       268 
 0.289E-06       256 
 0.291E-06       253 
 0.293E-06       278 
 0.294E-06       263 
 0.296E-06       276 
 0.298E-06       270 
 0.300E-06       269 
 0.301E-06       271 
 0.303E-06       260 
 0.305E-06       272 
 0.307E-06       284 
 0.308E-06       289 
 0.310E-06       304 
 0.311E-06       299 
 0.313E-06       301 
 0.314E-06       312 
 0.316E-06       310 
 0.317E-06       316 
 0.319E-06       319 
 0.320E-06       309 
 0.322E-06       303 
 0.324E-06       296 
 0.325E-06       268 
 0.327E-06       272 
 0.329E-06       286 
 0.330E-06       274 
 0.332E-06       277 
 0.334E-06       284 
 0.335E-06       278 
 0.337E-06       299 
 0.339E-06       293 
 0.340E-06       301 
 0.342E-06       295 
 0.343E-06       292 
 0.345E-06       290 
 0.347E-06       281 
 0.348E-06       293 
 0.350E-06       279 
 0.352E-06       277 
 0.353E-06       279 
