NumberOfSpeciesType  1
NumberOfEachSpecies 
279 

GridOcc
2 368 1
5 33 1
6 370 1
10 355 1
11 20 1
12 204 1
12 450 1
14 443 1
14 453 1
17 140 1
17 494 1
18 230 1
20 161 1
23 265 1
25 27 1
31 106 1
31 157 1
32 355 1
34 322 1
35 41 1
43 259 1
43 469 1
44 434 1
47 98 1
47 161 1
47 344 1
48 23 1
49 410 1
50 31 1
50 354 1
56 20 1
58 372 1
59 400 1
60 392 1
62 97 1
63 14 1
63 224 1
65 141 1
65 421 1
67 295 1
70 144 1
71 338 1
72 256 1
72 343 1
73 36 1
74 450 1
75 60 1
75 484 1
76 94 1
78 162 1
81 449 1
84 237 1
85 237 1
87 240 1
89 466 1
91 281 1
93 493 1
95 150 1
95 423 1
101 178 1
106 433 1
107 379 1
110 418 1
110 487 1
111 54 1
113 314 1
115 268 1
115 486 1
116 83 1
120 4 1
120 47 1
122 168 1
122 329 1
123 89 1
124 154 1
128 160 1
130 397 1
131 70 1
132 161 1
132 176 1
133 486 1
134 273 1
135 17 1
136 39 1
139 98 1
140 92 1
142 437 1
147 317 1
147 400 1
150 180 1
153 465 1
155 358 1
155 450 1
157 127 1
162 78 1
164 173 1
164 426 1
166 149 1
167 431 1
168 375 1
171 241 1
173 35 1
173 97 1
175 33 1
176 68 1
178 454 1
183 433 1
185 480 1
190 455 1
193 168 1
196 64 1
197 327 1
202 451 1
203 421 1
206 460 1
208 428 1
209 320 1
213 21 1
213 127 1
215 328 1
218 58 1
218 111 1
218 387 1
224 29 1
225 51 1
225 353 1
229 346 1
230 27 1
234 161 1
235 47 1
237 323 1
238 129 1
238 189 1
239 66 1
245 471 1
248 465 1
250 186 1
251 421 1
255 441 1
256 7 1
257 376 1
259 29 1
264 140 1
264 465 1
266 66 1
269 83 1
270 36 1
271 398 1
273 64 1
276 171 1
276 462 1
277 100 1
279 307 1
279 361 1
282 69 1
285 60 1
285 467 1
288 307 1
289 26 1
290 72 1
293 70 1
293 401 1
296 350 1
299 238 1
305 465 1
306 214 1
306 333 1
311 459 1
316 14 1
322 95 1
323 408 1
326 237 1
327 248 1
327 288 1
329 393 1
334 417 1
335 394 1
336 189 1
337 262 1
345 116 1
345 314 1
345 385 1
346 321 1
346 356 1
347 128 1
348 78 1
348 204 1
350 165 1
354 42 1
354 104 1
354 267 1
355 104 1
358 25 1
358 254 1
358 399 1
359 443 1
360 138 1
361 285 1
362 59 1
363 211 1
365 101 1
368 254 1
371 145 1
372 219 1
372 488 1
373 193 1
375 451 1
381 222 1
383 382 1
384 428 1
386 127 1
388 20 1
388 272 1
389 279 1
390 499 1
392 469 1
393 232 1
394 425 1
396 443 1
399 381 1
404 437 1
405 453 1
406 292 1
407 474 1
408 355 1
409 255 1
411 493 1
414 66 1
415 356 1
417 191 1
418 242 1
419 170 1
419 401 1
420 8 1
420 354 1
422 135 1
422 284 1
422 393 1
422 497 1
425 182 1
427 117 1
427 333 1
427 399 1
428 30 1
430 13 1
432 240 1
432 313 1
435 131 1
435 152 1
436 39 1
436 490 1
438 176 1
440 418 1
441 347 1
441 352 1
444 323 1
445 259 1
449 217 1
457 373 1
458 487 1
459 168 1
459 220 1
460 266 1
462 447 1
465 26 1
465 239 1
470 476 1
472 17 1
480 450 1
481 184 1
486 321 1
487 269 1
488 244 1
488 392 1
490 177 1
490 391 1
491 492 1
494 261 1
496 282 1
GridOccNum 279

EdgeSiteNum
  100   100    49    49 
  100   100    49    49 
  100   100    49    49 
  100   100    49    49 

EdgeOccNum
   89    85    41    40 
   89    85    41    40 
   89    85    41    40 
   89    85    41    40 

Edge1
1 0 1 0 1 1 1 1 0 1 1 1 1 1 1 1 1 1 0 1 1 1 1 1 1 1 1 1 1 0 1 1 1 1 1 1 1 1 1 1 1 1 1 1 1 1 0 1 1 1 1 1 1 1 1 1 1 1 1 0 1 1 1 1 1 1 1 1 1 1 1 0 1 1 1 1 1 0 1 1 1 1 1 1 1 1 1 1 0 1 1 1 0 1 1 1 1 1 1 1 
Edge2
1 0 1 1 1 1 1 1 1 1 1 1 1 1 1 1 1 1 1 1 1 1 1 1 1 1 1 0 1 1 1 1 1 1 1 1 1 1 0 1 1 1 0 1 1 1 1 0 0 1 1 1 1 1 0 1 1 1 1 1 0 1 1 1 1 1 1 0 0 1 1 1 1 1 1 1 0 1 1 1 0 0 1 1 1 1 1 1 1 1 1 1 1 0 0 1 1 1 1 1 
Edge3
1 1 1 1 1 1 1 1 1 1 0 1 1 1 1 1 1 1 1 0 0 1 1 1 1 0 1 1 1 1 1 1 1 1 1 0 1 1 1 0 1 1 0 1 1 1 1 0 1 
Edge4
1 1 1 1 1 1 0 1 1 1 1 1 1 1 1 0 1 0 1 1 1 1 1 1 1 1 1 1 1 0 0 0 1 1 1 0 1 1 1 0 1 1 1 1 1 0 1 1 1 
