 Time (s)          H   
 0.000E+00  0.000E+00 
 0.259E-04  0.429E-03 
 0.518E-04  0.375E-03 
 0.779E-04  0.438E-03 
 0.104E-03  0.438E-03 
 0.130E-03  0.417E-03 
 0.156E-03  0.325E-03 
 0.181E-03  0.375E-03 
 0.207E-03  0.350E-03 
 0.233E-03  0.396E-03 
 0.258E-03  0.417E-03 
 0.284E-03  0.421E-03 
 0.309E-03  0.358E-03 
 0.335E-03  0.454E-03 
 0.362E-03  0.367E-03 
 0.387E-03  0.404E-03 
 0.413E-03  0.408E-03 
 0.439E-03  0.412E-03 
 0.464E-03  0.425E-03 
 0.489E-03  0.358E-03 
 0.515E-03  0.408E-03 
 0.541E-03  0.421E-03 
 0.566E-03  0.404E-03 
 0.592E-03  0.400E-03 
 0.617E-03  0.342E-03 
 0.644E-03  0.392E-03 
 0.670E-03  0.346E-03 
 0.695E-03  0.392E-03 
 0.720E-03  0.392E-03 
 0.746E-03  0.446E-03 
 0.772E-03  0.325E-03 
 0.798E-03  0.467E-03 
 0.824E-03  0.429E-03 
 0.850E-03  0.554E-03 
 0.876E-03  0.404E-03 
 0.902E-03  0.412E-03 
 0.928E-03  0.379E-03 
 0.954E-03  0.408E-03 
 0.980E-03  0.446E-03 
 0.101E-02  0.458E-03 
 0.103E-02  0.354E-03 
 0.106E-02  0.400E-03 
 0.108E-02  0.458E-03 
 0.111E-02  0.383E-03 
 0.114E-02  0.442E-03 
 0.116E-02  0.417E-03 
 0.119E-02  0.425E-03 
 0.121E-02  0.429E-03 
 0.124E-02  0.446E-03 
 0.126E-02  0.421E-03 
 0.129E-02  0.338E-03 
