  74   85   40   35 
  73   83   33   40 
  87   74   39   33 
  74   77   37   32 
  79   77   39   39 
  70   76   39   37 
  75   82   43   36 
  87   84   39   37 
  76   65   37   42 
  76   76   35   46 
  71   76   35   36 
  81   80   39   33 
  67   82   37   42 
  79   71   39   44 
  79   81   37   45 
  79   71   39   38 
  81   77   37   35 
  77   74   39   32 
  74   74   36   34 
  78   78   39   38 
  71   82   32   44 
  79   82   39   40 
  84   83   42   41 
  72   69   37   36 
  78   75   41   37 
  85   70   33   30 
  76   76   30   36 
  83   79   42   39 
  79   68   38   41 
  74   75   34   41 
  72   77   36   38 
  82   80   32   43 
  75   82   42   42 
  76   82   42   39 
  83   83   40   37 
  79   84   34   41 
  70   75   39   39 
  78   80   39   41 
  82   77   33   33 
  67   82   41   30 
  73   85   42   37 
  74   85   42   38 
  82   82   43   38 
  83   79   41   44 
  75   79   40   42 
  80   75   38   40 
  82   79   41   39 
  78   78   42   41 
  81   81   36   37 
