 Site Number: 240000
 Time (s)          H   
 0.000E+00         0  
 0.259E-04       103  
 0.518E-04        90  
 0.779E-04       105  
 0.104E-03       105  
 0.130E-03       100  
 0.156E-03        78  
 0.181E-03        90  
 0.207E-03        84  
 0.233E-03        95  
 0.258E-03       100  
 0.284E-03       101  
 0.309E-03        86  
 0.335E-03       109  
 0.362E-03        88  
 0.387E-03        97  
 0.413E-03        98  
 0.439E-03        99  
 0.464E-03       102  
 0.489E-03        86  
 0.515E-03        98  
 0.541E-03       101  
 0.566E-03        97  
 0.592E-03        96  
 0.617E-03        82  
 0.644E-03        94  
 0.670E-03        83  
 0.695E-03        94  
 0.720E-03        94  
 0.746E-03       107  
 0.772E-03        78  
 0.798E-03       112  
 0.824E-03       103  
 0.850E-03       133  
 0.876E-03        97  
 0.902E-03        99  
 0.928E-03        91  
 0.954E-03        98  
 0.980E-03       107  
 0.101E-02       110  
 0.103E-02        85  
 0.106E-02        96  
 0.108E-02       110  
 0.111E-02        92  
 0.114E-02       106  
 0.116E-02       100  
 0.119E-02       102  
 0.121E-02       103  
 0.124E-02       107  
 0.126E-02       101  
 0.129E-02        81  
