 Site Number: 240000
 Time (s)          H  
 0.000E+00         0 
 0.272E-05         2 
 0.367E-05         2 
 0.466E-05         1 
 0.570E-05         2 
 0.617E-05         5 
 0.639E-05         2 
 0.674E-05         2 
 0.703E-05         1 
 0.739E-05         2 
 0.780E-05         2 
 0.840E-05         3 
 0.882E-05         2 
 0.916E-05         3 
 0.939E-05         2 
 0.958E-05         3 
 0.980E-05         4 
 0.100E-04         2 
 0.102E-04         4 
 0.104E-04         1 
 0.106E-04         8 
 0.107E-04         6 
 0.108E-04         4 
 0.110E-04         4 
 0.111E-04         3 
 0.113E-04         2 
 0.114E-04         4 
 0.116E-04         3 
 0.118E-04         4 
 0.119E-04         4 
 0.120E-04         7 
 0.121E-04         4 
 0.122E-04         4 
 0.124E-04         6 
 0.125E-04         8 
 0.126E-04         4 
 0.127E-04         7 
 0.128E-04         7 
 0.129E-04         3 
 0.130E-04         5 
 0.131E-04         6 
 0.132E-04         4 
 0.134E-04         4 
 0.135E-04         1 
 0.136E-04         6 
 0.137E-04         4 
 0.138E-04         3 
 0.140E-04         6 
 0.141E-04         5 
 0.142E-04         6 
 0.143E-04         6 
 0.144E-04         4 
 0.146E-04         5 
 0.147E-04         3 
 0.149E-04         3 
 0.150E-04         5 
 0.151E-04         3 
 0.152E-04         3 
 0.155E-04         3 
 0.156E-04         4 
 0.158E-04         7 
 0.159E-04         3 
 0.160E-04         3 
 0.162E-04         5 
 0.162E-04         5 
 0.164E-04         6 
 0.166E-04         6 
 0.167E-04         3 
 0.168E-04         3 
 0.170E-04         8 
 0.171E-04         2 
 0.173E-04         4 
 0.174E-04         5 
 0.176E-04         4 
 0.177E-04         2 
 0.179E-04         3 
 0.180E-04         3 
 0.182E-04         2 
 0.183E-04         4 
 0.184E-04         2 
 0.187E-04         3 
 0.189E-04         4 
 0.190E-04         3 
 0.192E-04         2 
 0.194E-04         6 
 0.196E-04         2 
 0.198E-04         7 
 0.199E-04         5 
 0.201E-04         6 
 0.202E-04         3 
 0.204E-04         2 
 0.205E-04         3 
 0.207E-04         4 
 0.209E-04         3 
 0.211E-04         1 
 0.212E-04         4 
 0.215E-04         3 
 0.216E-04         3 
 0.218E-04         4 
 0.219E-04         7 
 0.220E-04         2 
 0.222E-04         3 
 0.224E-04         2 
 0.225E-04         5 
 0.227E-04         3 
 0.228E-04         2 
 0.230E-04         2 
 0.232E-04         2 
 0.234E-04         3 
 0.235E-04         3 
 0.237E-04         3 
 0.240E-04         3 
 0.242E-04         5 
 0.243E-04         3 
 0.244E-04         2 
 0.245E-04         3 
 0.247E-04         3 
 0.248E-04         3 
 0.249E-04         4 
 0.251E-04         5 
 0.252E-04         4 
 0.254E-04         5 
 0.255E-04         4 
 0.256E-04         5 
 0.257E-04         4 
 0.258E-04         5 
 0.259E-04         6 
 0.260E-04         7 
 0.260E-04         1 
 0.262E-04         3 
 0.263E-04         6 
 0.264E-04         5 
 0.264E-04         7 
 0.266E-04         2 
 0.267E-04         3 
 0.268E-04         2 
 0.270E-04         2 
 0.272E-04         3 
 0.273E-04         4 
 0.275E-04         7 
 0.276E-04         5 
 0.278E-04         3 
 0.279E-04         5 
 0.281E-04         4 
 0.283E-04         3 
 0.285E-04         6 
 0.287E-04         2 
 0.288E-04         5 
 0.290E-04         2 
 0.291E-04         4 
 0.293E-04         8 
 0.295E-04         3 
 0.297E-04         4 
 0.298E-04         1 
 0.300E-04         4 
 0.301E-04         1 
 0.303E-04         3 
 0.305E-04         4 
 0.306E-04         4 
 0.308E-04         2 
 0.310E-04         5 
 0.311E-04         1 
 0.312E-04         5 
 0.314E-04         2 
 0.317E-04         4 
 0.318E-04         3 
 0.320E-04         2 
 0.322E-04         3 
 0.324E-04         4 
 0.326E-04         6 
 0.327E-04         5 
 0.329E-04         3 
 0.330E-04         4 
 0.333E-04         4 
 0.334E-04         5 
 0.336E-04         3 
 0.339E-04         5 
 0.340E-04         5 
 0.342E-04         3 
 0.344E-04         1 
 0.346E-04         4 
 0.347E-04         4 
 0.349E-04         3 
 0.351E-04         6 
 0.352E-04         3 
 0.354E-04         2 
 0.355E-04         4 
 0.357E-04         6 
 0.358E-04         5 
 0.360E-04         6 
 0.361E-04         3 
 0.362E-04         5 
 0.364E-04         3 
 0.365E-04         3 
 0.367E-04         4 
 0.368E-04         6 
 0.369E-04         4 
 0.371E-04         5 
 0.372E-04         5 
 0.373E-04         5 
 0.373E-04         4 
