NumberOfSpeciesType  2
NumberOfEachSpecies 
76 112 

GridOcc
8 535 1
15 1696 1
19 1095 2
24 1183 2
34 1491 1
49 1454 2
49 1684 2
59 1002 2
87 211 2
87 1523 1
91 1364 1
97 320 2
101 940 2
104 1573 2
133 641 1
144 1783 2
152 19 1
165 1526 1
175 1014 2
177 90 2
195 198 2
197 1377 1
202 343 2
207 1574 2
235 254 2
239 1842 2
270 308 2
274 308 1
287 755 2
302 471 1
309 1805 2
317 827 1
330 323 1
334 535 2
345 853 1
356 1174 1
360 1796 1
386 805 2
405 1519 1
416 1472 2
444 1988 2
446 1287 1
447 1473 2
448 306 1
485 716 1
494 1987 1
507 177 2
519 359 1
522 734 1
529 416 2
535 439 1
535 1981 2
546 128 2
566 451 2
588 268 1
606 1966 2
628 1272 2
668 1490 2
675 756 2
675 1341 2
677 1487 1
688 934 2
695 508 1
696 1186 2
705 1382 2
708 952 1
708 980 1
711 629 2
726 1060 1
740 1077 1
744 1682 1
773 1667 1
775 535 2
782 1143 2
786 1500 2
800 1935 2
801 191 2
812 1853 1
822 1404 1
824 1560 1
829 1926 1
833 1645 2
841 1284 2
859 626 2
862 1582 1
889 859 2
911 1813 2
930 1355 2
938 925 2
944 446 1
966 1644 1
993 505 2
999 381 1
1000 280 2
1011 276 2
1020 850 2
1022 550 1
1023 1514 2
1027 495 2
1031 565 1
1074 1720 1
1087 1047 2
1088 1728 1
1095 113 1
1110 475 2
1119 1217 2
1119 1308 1
1130 419 1
1136 165 1
1140 952 2
1168 1150 1
1187 1783 2
1198 1815 2
1201 962 1
1202 252 2
1227 934 2
1246 1210 2
1248 1715 2
1251 1171 1
1276 343 2
1279 295 1
1284 58 1
1296 327 2
1301 758 2
1346 1293 2
1349 978 1
1367 1914 1
1387 1893 1
1393 1988 1
1399 1498 2
1399 1880 2
1413 655 2
1417 409 1
1427 556 2
1428 741 2
1439 393 2
1448 1458 2
1453 1941 2
1461 1574 2
1469 1892 1
1473 113 2
1500 805 2
1505 349 2
1508 1588 2
1519 1593 2
1539 1175 2
1577 806 1
1594 1389 2
1600 775 2
1602 1038 1
1614 978 2
1615 1738 2
1617 801 2
1619 533 2
1635 16 1
1642 553 2
1657 1825 1
1663 396 2
1668 1714 2
1689 1195 2
1700 1243 2
1701 23 1
1737 400 2
1746 1564 1
1752 1185 1
1772 4 2
1789 890 2
1793 1761 2
1796 628 2
1820 662 2
1822 1868 2
1836 161 1
1855 1988 2
1864 1636 1
1868 1732 1
1869 1490 2
1872 933 1
1876 1345 2
1878 1266 1
1886 297 1
1891 1762 2
1894 1055 1
1898 840 2
1914 416 2
1951 679 2
1965 1078 1
1966 477 2
1991 687 1
GridOccNum 188
