 0.246E-08  0.150E-02
 0.355E-08  0.207E-02
 0.443E-08  0.243E-02
 0.520E-08  0.265E-02
 0.594E-08  0.270E-02
 0.666E-08  0.285E-02
 0.731E-08  0.314E-02
 0.793E-08  0.320E-02
 0.854E-08  0.325E-02
 0.913E-08  0.346E-02
 0.969E-08  0.348E-02
 0.103E-07  0.356E-02
 0.108E-07  0.360E-02
 0.113E-07  0.354E-02
 0.119E-07  0.358E-02
 0.124E-07  0.370E-02
 0.130E-07  0.369E-02
 0.135E-07  0.360E-02
 0.141E-07  0.359E-02
 0.146E-07  0.367E-02
 0.151E-07  0.375E-02
 0.156E-07  0.377E-02
 0.162E-07  0.374E-02
 0.167E-07  0.364E-02
 0.172E-07  0.360E-02
 0.178E-07  0.358E-02
 0.183E-07  0.352E-02
 0.189E-07  0.357E-02
 0.194E-07  0.359E-02
 0.200E-07  0.365E-02
 0.205E-07  0.361E-02
 0.211E-07  0.365E-02
 0.216E-07  0.365E-02
 0.221E-07  0.378E-02
 0.226E-07  0.374E-02
 0.232E-07  0.374E-02
 0.237E-07  0.371E-02
 0.242E-07  0.373E-02
 0.247E-07  0.372E-02
 0.253E-07  0.375E-02
 0.258E-07  0.380E-02
 0.263E-07  0.371E-02
 0.268E-07  0.379E-02
 0.273E-07  0.380E-02
 0.279E-07  0.365E-02
 0.284E-07  0.355E-02
 0.290E-07  0.356E-02
 0.295E-07  0.366E-02
 0.300E-07  0.368E-02
 0.306E-07  0.374E-02
 0.311E-07  0.375E-02
 0.316E-07  0.373E-02
 0.321E-07  0.390E-02
 0.327E-07  0.382E-02
 0.332E-07  0.381E-02
 0.337E-07  0.367E-02
 0.342E-07  0.362E-02
 0.348E-07  0.358E-02
 0.353E-07  0.361E-02
 0.359E-07  0.360E-02
 0.364E-07  0.357E-02
 0.370E-07  0.366E-02
 0.375E-07  0.385E-02
 0.380E-07  0.402E-02
 0.385E-07  0.390E-02
 0.390E-07  0.375E-02
 0.395E-07  0.375E-02
 0.401E-07  0.362E-02
 0.406E-07  0.356E-02
 0.412E-07  0.357E-02
 0.417E-07  0.360E-02
 0.423E-07  0.351E-02
 0.428E-07  0.354E-02
 0.434E-07  0.370E-02
 0.439E-07  0.372E-02
 0.444E-07  0.369E-02
 0.450E-07  0.367E-02
 0.455E-07  0.362E-02
 0.460E-07  0.367E-02
 0.466E-07  0.366E-02
 0.471E-07  0.368E-02
 0.477E-07  0.369E-02
 0.482E-07  0.364E-02
 0.487E-07  0.362E-02
 0.493E-07  0.380E-02
 0.498E-07  0.390E-02
 0.503E-07  0.387E-02
 0.508E-07  0.379E-02
 0.513E-07  0.381E-02
 0.518E-07  0.388E-02
 0.523E-07  0.395E-02
 0.528E-07  0.392E-02
 0.533E-07  0.397E-02
 0.538E-07  0.399E-02
 0.543E-07  0.408E-02
 0.548E-07  0.402E-02
 0.553E-07  0.403E-02
 0.558E-07  0.397E-02
 0.563E-07  0.386E-02
 0.568E-07  0.382E-02
 0.573E-07  0.379E-02
 0.578E-07  0.370E-02
 0.584E-07  0.377E-02
 0.589E-07  0.369E-02
 0.594E-07  0.375E-02
 0.600E-07  0.362E-02
 0.605E-07  0.360E-02
 0.610E-07  0.357E-02
 0.616E-07  0.356E-02
 0.621E-07  0.355E-02
 0.627E-07  0.367E-02
 0.632E-07  0.365E-02
 0.638E-07  0.360E-02
 0.643E-07  0.346E-02
 0.649E-07  0.353E-02
 0.654E-07  0.368E-02
 0.660E-07  0.361E-02
 0.665E-07  0.365E-02
 0.670E-07  0.372E-02
 0.676E-07  0.375E-02
 0.681E-07  0.374E-02
 0.686E-07  0.377E-02
 0.691E-07  0.370E-02
 0.697E-07  0.374E-02
 0.702E-07  0.360E-02
 0.708E-07  0.362E-02
 0.713E-07  0.365E-02
 0.718E-07  0.369E-02
 0.724E-07  0.360E-02
 0.729E-07  0.362E-02
 0.735E-07  0.348E-02
 0.740E-07  0.354E-02
 0.746E-07  0.363E-02
 0.751E-07  0.361E-02
 0.757E-07  0.368E-02
 0.762E-07  0.373E-02
 0.767E-07  0.368E-02
 0.772E-07  0.388E-02
 0.777E-07  0.394E-02
 0.782E-07  0.389E-02
 0.787E-07  0.390E-02
 0.793E-07  0.393E-02
 0.798E-07  0.379E-02
 0.803E-07  0.368E-02
 0.808E-07  0.371E-02
 0.814E-07  0.354E-02
 0.819E-07  0.357E-02
 0.825E-07  0.354E-02
 0.830E-07  0.353E-02
 0.836E-07  0.344E-02
 0.841E-07  0.360E-02
 0.847E-07  0.367E-02
 0.852E-07  0.368E-02
 0.858E-07  0.356E-02
 0.863E-07  0.352E-02
 0.869E-07  0.361E-02
 0.874E-07  0.363E-02
 0.880E-07  0.362E-02
 0.885E-07  0.366E-02
 0.890E-07  0.371E-02
 0.896E-07  0.369E-02
 0.901E-07  0.365E-02
 0.906E-07  0.370E-02
 0.912E-07  0.365E-02
 0.917E-07  0.377E-02
 0.922E-07  0.377E-02
 0.927E-07  0.369E-02
 0.933E-07  0.374E-02
 0.938E-07  0.352E-02
 0.944E-07  0.350E-02
 0.949E-07  0.360E-02
 0.955E-07  0.362E-02
 0.960E-07  0.371E-02
 0.965E-07  0.373E-02
 0.971E-07  0.375E-02
 0.976E-07  0.382E-02
 0.981E-07  0.376E-02
 0.986E-07  0.368E-02
 0.992E-07  0.373E-02
 0.997E-07  0.385E-02
 0.100E-06  0.395E-02
 0.101E-06  0.379E-02
 0.101E-06  0.373E-02
 0.102E-06  0.384E-02
 0.102E-06  0.380E-02
 0.103E-06  0.383E-02
 0.103E-06  0.390E-02
 0.104E-06  0.391E-02
 0.104E-06  0.401E-02
 0.105E-06  0.392E-02
 0.105E-06  0.391E-02
 0.106E-06  0.379E-02
 0.106E-06  0.388E-02
 0.107E-06  0.392E-02
 0.107E-06  0.382E-02
 0.108E-06  0.373E-02
 0.108E-06  0.375E-02
 0.109E-06  0.362E-02
 0.109E-06  0.357E-02
 0.110E-06  0.355E-02
