  14   18    5    4 
  24   22    8    9 
  30   29   12   10 
  34   32   15   13 
  38   38   19   20 
  40   39   21   23 
  42   41   22   25 
  51   42   25   28 
  53   47   26   27 
  56   53   29   28 
  56   56   30   29 
  56   56   30   33 
  56   57   31   33 
  59   60   30   33 
  59   61   30   34 
  62   60   30   34 
  63   60   30   34 
  64   61   30   35 
  65   60   30   35 
  65   61   29   35 
  64   62   29   35 
  66   62   29   35 
  67   62   29   35 
  67   63   29   35 
  67   63   30   35 
  68   62   31   35 
  68   62   32   35 
  69   62   32   35 
  69   61   32   35 
  67   62   31   34 
  67   63   33   35 
  67   63   34   35 
  67   65   34   35 
  68   65   33   35 
  68   65   33   35 
  66   67   33   35 
  67   68   34   35 
  67   69   34   35 
  68   70   35   35 
  69   70   35   35 
  70   70   35   35 
  70   69   35   36 
  70   69   34   36 
  73   69   34   36 
  73   69   35   36 
  73   70   35   36 
  73   70   35   36 
  73   70   35   36 
  73   70   35   36 
  74   69   35   35 
  74   70   34   35 
  74   70   35   35 
  74   70   35   36 
  75   70   35   37 
  76   69   35   37 
  77   71   35   37 
  77   71   35   37 
  78   71   35   37 
  77   71   35   37 
  78   71   35   37 
  78   71   35   37 
  79   71   35   37 
  79   71   35   37 
  79   70   35   37 
  78   69   35   35 
  78   70   35   36 
  77   70   34   36 
  76   71   34   37 
  76   71   33   37 
  77   71   33   37 
  77   71   34   37 
  78   72   34   37 
  79   72   34   37 
  81   73   34   37 
  81   73   35   37 
  82   73   35   37 
  82   74   35   37 
  81   72   35   37 
  82   74   35   37 
  82   73   35   37 
  83   73   35   37 
  83   73   35   37 
  83   73   34   37 
  83   74   34   37 
  83   74   35   37 
  83   74   35   37 
  83   74   35   37 
  83   73   35   38 
  83   73   36   38 
  83   72   35   37 
  83   74   36   37 
  84   73   35   38 
  83   74   35   38 
  83   74   35   38 
  83   75   35   38 
  84   75   36   38 
  84   74   36   39 
  83   74   36   39 
  83   74   36   40 
  83   75   36   40 
  84   76   35   40 
  84   77   35   40 
  83   77   35   40 
  83   78   35   40 
  84   78   35   40 
  84   79   35   40 
  84   81   35   40 
  84   81   35   40 
  84   81   36   40 
  84   81   36   40 
  83   81   36   40 
  83   81   36   41 
  83   83   36   41 
  83   82   36   41 
  83   82   36   41 
  83   82   36   40 
  83   83   36   41 
  83   83   36   41 
  83   82   37   40 
  83   85   37   40 
  83   85   37   40 
  83   85   37   40 
  83   85   37   40 
  83   86   37   41 
  84   85   37   41 
  84   85   37   40 
  84   85   37   41 
  84   86   36   40 
  84   86   36   41 
  84   85   37   41 
  84   85   37   41 
  84   85   38   41 
  84   85   39   41 
  84   86   39   41 
  84   87   39   41 
  83   87   39   42 
  83   87   39   42 
  83   87   39   42 
  83   87   38   42 
  84   87   38   42 
  85   87   38   42 
  85   88   38   42 
  85   89   38   42 
  85   89   38   42 
  85   89   38   42 
  85   89   38   41 
  85   89   39   41 
  85   88   39   41 
  86   89   39   41 
  86   88   39   41 
  86   88   40   41 
  86   88   40   41 
  86   89   39   42 
  86   89   40   42 
  86   90   40   42 
  86   90   40   42 
  86   89   40   42 
  86   89   39   42 
  86   90   39   42 
  86   90   40   42 
  86   90   40   42 
  86   90   41   42 
  86   90   42   42 
  86   90   42   42 
  84   90   42   42 
  84   90   42   42 
  85   89   42   42 
  85   89   42   42 
  85   90   42   42 
  85   89   42   42 
  85   89   42   42 
  85   88   42   42 
  86   88   43   42 
  86   88   43   42 
  87   89   43   42 
  87   90   43   42 
  89   90   43   42 
  89   90   43   42 
  89   91   43   42 
  89   91   43   42 
  89   91   43   42 
  89   91   43   42 
  89   91   43   41 
  89   91   43   41 
  88   92   43   41 
  87   92   43   41 
  88   93   43   41 
  88   93   43   41 
  89   93   43   41 
  89   93   43   41 
  89   94   43   41 
  89   93   42   40 
  89   93   42   40 
  89   92   41   40 
  89   92   42   40 
  87   92   43   41 
  87   91   43   41 
  88   91   44   41 
  88   93   44   41 
  89   93   44   41 
