 Site Number: 240000
 Time (s)          H  
 0.000E+00         0 
 0.246E-08       361 
 0.355E-08       497 
 0.443E-08       583 
 0.520E-08       636 
 0.594E-08       647 
 0.666E-08       685 
 0.731E-08       754 
 0.793E-08       768 
 0.854E-08       779 
 0.913E-08       830 
 0.969E-08       835 
 0.103E-07       855 
 0.108E-07       863 
 0.113E-07       850 
 0.119E-07       860 
 0.124E-07       888 
 0.130E-07       885 
 0.135E-07       864 
 0.141E-07       862 
 0.146E-07       880 
 0.151E-07       900 
 0.156E-07       904 
 0.162E-07       897 
 0.167E-07       874 
 0.172E-07       863 
 0.178E-07       860 
 0.183E-07       845 
 0.189E-07       856 
 0.194E-07       861 
 0.200E-07       876 
 0.205E-07       866 
 0.211E-07       877 
 0.216E-07       875 
 0.221E-07       907 
 0.226E-07       897 
 0.232E-07       897 
 0.237E-07       890 
 0.242E-07       895 
 0.247E-07       894 
 0.253E-07       901 
 0.258E-07       912 
 0.263E-07       890 
 0.268E-07       909 
 0.273E-07       912 
 0.279E-07       875 
 0.284E-07       852 
 0.290E-07       854 
 0.295E-07       878 
 0.300E-07       882 
 0.306E-07       897 
 0.311E-07       899 
 0.316E-07       896 
 0.321E-07       935 
 0.327E-07       917 
 0.332E-07       915 
 0.337E-07       880 
 0.342E-07       870 
 0.348E-07       859 
 0.353E-07       866 
 0.359E-07       865 
 0.364E-07       857 
 0.370E-07       878 
 0.375E-07       924 
 0.380E-07       965 
 0.385E-07       937 
 0.390E-07       901 
 0.395E-07       901 
 0.401E-07       868 
 0.406E-07       855 
 0.412E-07       858 
 0.417E-07       865 
 0.423E-07       843 
 0.428E-07       850 
 0.434E-07       889 
 0.439E-07       892 
 0.444E-07       885 
 0.450E-07       880 
 0.455E-07       869 
 0.460E-07       880 
 0.466E-07       879 
 0.471E-07       882 
 0.477E-07       886 
 0.482E-07       873 
 0.487E-07       870 
 0.493E-07       913 
 0.498E-07       937 
 0.503E-07       929 
 0.508E-07       909 
 0.513E-07       914 
 0.518E-07       931 
 0.523E-07       948 
 0.528E-07       942 
 0.533E-07       952 
 0.538E-07       958 
 0.543E-07       979 
 0.548E-07       965 
 0.553E-07       967 
 0.558E-07       952 
 0.563E-07       927 
 0.568E-07       916 
 0.573E-07       909 
 0.578E-07       888 
 0.584E-07       905 
 0.589E-07       886 
 0.594E-07       899 
 0.600E-07       870 
 0.605E-07       864 
 0.610E-07       856 
 0.616E-07       855 
 0.621E-07       851 
 0.627E-07       880 
 0.632E-07       875 
 0.638E-07       863 
 0.643E-07       830 
 0.649E-07       848 
 0.654E-07       883 
 0.660E-07       867 
 0.665E-07       875 
 0.670E-07       894 
 0.676E-07       901 
 0.681E-07       897 
 0.686E-07       905 
 0.691E-07       889 
 0.697E-07       897 
 0.702E-07       863 
 0.708E-07       870 
 0.713E-07       875 
 0.718E-07       886 
 0.724E-07       863 
 0.729E-07       869 
 0.735E-07       835 
 0.740E-07       850 
 0.746E-07       871 
 0.751E-07       866 
 0.757E-07       883 
 0.762E-07       895 
 0.767E-07       883 
 0.772E-07       931 
 0.777E-07       946 
 0.782E-07       933 
 0.787E-07       936 
 0.793E-07       943 
 0.798E-07       910 
 0.803E-07       884 
 0.808E-07       890 
 0.814E-07       849 
 0.819E-07       858 
 0.825E-07       849 
 0.830E-07       847 
 0.836E-07       826 
 0.841E-07       863 
 0.847E-07       881 
 0.852E-07       882 
 0.858E-07       855 
 0.863E-07       844 
 0.869E-07       866 
 0.874E-07       871 
 0.880E-07       870 
 0.885E-07       879 
 0.890E-07       890 
 0.896E-07       886 
 0.901E-07       877 
 0.906E-07       888 
 0.912E-07       876 
 0.917E-07       904 
 0.922E-07       904 
 0.927E-07       886 
 0.933E-07       898 
 0.938E-07       845 
 0.944E-07       840 
 0.949E-07       864 
 0.955E-07       869 
 0.960E-07       891 
 0.965E-07       895 
 0.971E-07       899 
 0.976E-07       916 
 0.981E-07       902 
 0.986E-07       882 
 0.992E-07       895 
 0.997E-07       925 
 0.100E-06       947 
 0.101E-06       909 
 0.101E-06       896 
 0.102E-06       922 
 0.102E-06       912 
 0.103E-06       919 
 0.103E-06       935 
 0.104E-06       939 
 0.104E-06       962 
 0.105E-06       942 
 0.105E-06       939 
 0.106E-06       910 
 0.106E-06       932 
 0.107E-06       942 
 0.107E-06       917 
 0.108E-06       895 
 0.108E-06       900 
 0.109E-06       868 
 0.109E-06       856 
 0.110E-06       853 
