NumberOfSpeciesType  1
NumberOfEachSpecies 
853 

GridOcc
1 5 1
1 79 1
1 159 1
1 334 1
1 481 1
2 312 1
3 2 1
3 138 1
3 203 1
3 232 1
4 1 1
5 334 1
5 496 1
7 340 1
8 57 1
10 230 1
10 467 1
11 103 1
11 128 1
12 143 1
13 227 1
13 318 1
15 119 1
15 421 1
15 482 1
16 345 1
16 422 1
17 287 1
18 98 1
19 489 1
20 208 1
20 222 1
21 64 1
21 209 1
21 286 1
23 354 1
23 428 1
25 20 1
25 324 1
27 21 1
27 342 1
27 473 1
28 135 1
29 22 1
30 187 1
30 295 1
30 444 1
31 334 1
31 454 1
31 496 1
32 147 1
32 234 1
32 437 1
33 93 1
33 219 1
33 479 1
34 49 1
34 366 1
35 36 1
35 265 1
37 80 1
37 217 1
38 77 1
38 167 1
39 55 1
39 416 1
40 478 1
42 29 1
42 70 1
42 417 1
43 374 1
44 33 1
45 154 1
45 442 1
46 237 1
46 347 1
47 56 1
47 157 1
47 250 1
47 258 1
48 477 1
49 339 1
49 407 1
51 250 1
51 292 1
52 71 1
54 389 1
56 204 1
56 247 1
56 278 1
57 33 1
57 67 1
58 105 1
58 329 1
59 21 1
61 50 1
62 293 1
62 361 1
63 134 1
64 90 1
64 91 1
64 125 1
64 321 1
64 416 1
64 418 1
65 147 1
65 305 1
66 64 1
66 94 1
66 261 1
67 257 1
68 144 1
68 240 1
68 309 1
68 334 1
69 312 1
69 368 1
69 396 1
70 25 1
70 134 1
70 463 1
71 307 1
72 351 1
72 446 1
73 312 1
75 270 1
75 312 1
75 381 1
76 61 1
76 95 1
76 479 1
77 105 1
77 122 1
77 168 1
77 242 1
77 493 1
78 160 1
78 264 1
79 161 1
80 35 1
81 289 1
81 373 1
81 470 1
83 130 1
83 186 1
83 231 1
84 18 1
84 21 1
84 488 1
85 31 1
85 83 1
85 143 1
87 85 1
87 249 1
87 283 1
87 294 1
87 493 1
90 211 1
90 412 1
91 25 1
91 271 1
91 273 1
91 391 1
92 23 1
92 276 1
93 33 1
95 61 1
95 77 1
95 155 1
95 171 1
96 82 1
96 313 1
96 362 1
99 192 1
99 472 1
101 9 1
101 201 1
102 52 1
102 172 1
103 77 1
103 213 1
103 416 1
105 92 1
105 141 1
105 460 1
105 464 1
106 93 1
106 179 1
106 214 1
107 54 1
107 273 1
107 367 1
108 18 1
108 151 1
109 379 1
110 164 1
110 240 1
111 69 1
111 205 1
111 371 1
112 207 1
112 427 1
112 482 1
113 358 1
114 89 1
114 220 1
114 392 1
114 409 1
115 340 1
115 458 1
117 283 1
118 48 1
119 180 1
120 160 1
120 466 1
121 225 1
121 493 1
122 9 1
123 29 1
123 65 1
123 88 1
124 15 1
124 236 1
124 326 1
125 303 1
127 108 1
127 314 1
127 326 1
129 118 1
129 450 1
130 155 1
130 160 1
130 472 1
131 385 1
132 232 1
132 426 1
133 158 1
133 194 1
134 55 1
134 209 1
134 233 1
134 344 1
134 447 1
135 232 1
135 407 1
136 223 1
137 22 1
138 1 1
138 356 1
139 35 1
139 131 1
142 201 1
142 360 1
142 377 1
143 124 1
143 258 1
144 392 1
144 401 1
145 117 1
145 284 1
146 48 1
147 24 1
147 156 1
147 228 1
147 358 1
147 455 1
148 104 1
148 292 1
149 172 1
149 175 1
150 247 1
150 335 1
150 398 1
151 325 1
152 137 1
153 285 1
155 205 1
155 247 1
156 14 1
156 61 1
156 306 1
157 428 1
158 100 1
158 356 1
159 74 1
159 133 1
159 269 1
160 368 1
161 126 1
161 411 1
163 198 1
164 101 1
164 442 1
165 359 1
166 115 1
166 236 1
166 416 1
167 231 1
168 128 1
168 381 1
168 447 1
169 11 1
169 151 1
170 250 1
170 377 1
173 325 1
173 445 1
174 49 1
174 121 1
176 1 1
176 36 1
176 209 1
176 224 1
176 264 1
176 463 1
177 96 1
178 33 1
178 166 1
178 337 1
178 492 1
179 43 1
179 422 1
181 412 1
182 166 1
182 220 1
182 301 1
183 85 1
183 143 1
183 405 1
184 5 1
184 21 1
184 239 1
184 442 1
186 128 1
186 203 1
186 491 1
188 17 1
188 350 1
188 411 1
189 146 1
189 347 1
190 298 1
190 421 1
191 69 1
191 189 1
191 336 1
191 492 1
192 291 1
193 379 1
194 37 1
194 152 1
195 177 1
195 377 1
196 26 1
196 103 1
196 289 1
197 215 1
197 378 1
197 406 1
197 433 1
198 31 1
200 450 1
201 127 1
202 181 1
202 459 1
202 493 1
203 27 1
204 114 1
204 302 1
204 450 1
204 492 1
204 494 1
205 353 1
206 7 1
207 150 1
207 407 1
209 30 1
210 159 1
210 343 1
211 51 1
212 110 1
213 390 1
214 325 1
214 380 1
214 442 1
215 409 1
215 494 1
216 489 1
217 315 1
218 41 1
219 103 1
221 91 1
221 472 1
222 125 1
222 128 1
223 3 1
224 69 1
224 96 1
224 167 1
226 56 1
226 111 1
227 394 1
227 484 1
227 497 1
228 13 1
228 48 1
229 404 1
231 87 1
231 115 1
231 383 1
232 363 1
233 59 1
233 134 1
233 188 1
234 20 1
235 440 1
238 8 1
238 77 1
240 77 1
241 331 1
241 469 1
242 35 1
244 112 1
244 488 1
245 362 1
247 333 1
247 356 1
247 431 1
248 108 1
248 348 1
248 429 1
249 74 1
249 303 1
249 380 1
250 487 1
251 165 1
251 451 1
251 468 1
255 348 1
255 463 1
256 186 1
256 449 1
258 88 1
259 155 1
259 315 1
260 116 1
261 309 1
261 369 1
262 81 1
262 172 1
262 326 1
262 356 1
262 419 1
263 159 1
263 422 1
264 409 1
264 467 1
264 496 1
266 304 1
267 38 1
267 425 1
267 451 1
267 475 1
268 313 1
268 366 1
269 145 1
270 156 1
270 382 1
271 351 1
273 86 1
273 494 1
274 51 1
274 198 1
274 361 1
274 371 1
274 452 1
276 104 1
277 142 1
277 321 1
278 34 1
278 378 1
283 8 1
283 48 1
283 115 1
283 349 1
284 427 1
286 366 1
287 349 1
288 378 1
288 423 1
289 106 1
289 193 1
292 131 1
293 450 1
295 19 1
295 474 1
296 54 1
297 188 1
297 494 1
299 23 1
300 108 1
300 138 1
300 210 1
301 341 1
302 173 1
302 385 1
303 154 1
303 173 1
304 322 1
305 408 1
307 310 1
307 430 1
308 67 1
308 98 1
308 161 1
309 337 1
310 108 1
310 345 1
310 452 1
311 279 1
311 429 1
312 5 1
312 328 1
312 391 1
313 66 1
313 288 1
314 4 1
314 10 1
314 160 1
314 499 1
315 1 1
315 37 1
315 197 1
316 118 1
318 13 1
318 255 1
318 316 1
318 342 1
318 400 1
318 424 1
319 47 1
319 119 1
319 144 1
320 4 1
320 194 1
320 212 1
321 86 1
321 226 1
322 67 1
322 474 1
322 491 1
324 183 1
324 462 1
327 31 1
327 486 1
329 340 1
329 369 1
329 496 1
331 211 1
331 266 1
333 144 1
333 205 1
333 433 1
334 4 1
334 24 1
334 227 1
335 208 1
336 75 1
336 357 1
336 442 1
338 79 1
338 254 1
338 339 1
339 431 1
340 92 1
340 211 1
340 414 1
341 458 1
343 12 1
344 198 1
346 356 1
347 137 1
347 209 1
347 461 1
348 148 1
349 40 1
350 487 1
351 12 1
351 103 1
351 128 1
351 354 1
352 162 1
352 339 1
353 208 1
353 280 1
353 368 1
354 160 1
354 233 1
355 99 1
355 449 1
356 117 1
356 201 1
356 222 1
356 281 1
358 443 1
359 40 1
359 260 1
360 5 1
361 15 1
361 423 1
362 252 1
362 399 1
362 497 1
363 158 1
363 348 1
365 65 1
365 246 1
366 384 1
366 493 1
367 57 1
367 194 1
367 228 1
368 15 1
368 21 1
368 227 1
368 249 1
368 419 1
369 157 1
369 375 1
370 81 1
370 121 1
371 224 1
372 139 1
372 370 1
372 431 1
373 342 1
374 367 1
374 411 1
375 255 1
378 420 1
379 140 1
379 151 1
380 415 1
381 485 1
383 54 1
383 97 1
385 285 1
386 87 1
386 321 1
387 375 1
388 9 1
389 40 1
389 122 1
389 286 1
390 227 1
390 307 1
391 247 1
391 251 1
393 118 1
394 364 1
395 312 1
395 383 1
395 410 1
396 33 1
396 37 1
397 16 1
397 294 1
397 445 1
398 427 1
399 103 1
399 107 1
399 217 1
400 38 1
402 86 1
402 402 1
403 181 1
403 278 1
404 162 1
404 370 1
405 253 1
405 347 1
406 123 1
407 374 1
407 413 1
407 497 1
408 149 1
410 222 1
411 99 1
411 274 1
412 2 1
412 5 1
412 268 1
412 370 1
412 471 1
413 137 1
413 273 1
415 418 1
416 7 1
417 224 1
418 412 1
419 37 1
419 104 1
420 237 1
421 421 1
422 96 1
422 319 1
422 479 1
423 232 1
424 62 1
424 200 1
424 383 1
424 418 1
425 30 1
426 62 1
426 99 1
426 441 1
427 158 1
427 184 1
427 457 1
428 99 1
428 133 1
428 475 1
428 493 1
429 141 1
431 80 1
431 287 1
432 116 1
433 65 1
433 344 1
433 460 1
433 485 1
434 32 1
434 87 1
435 2 1
435 108 1
435 133 1
436 138 1
436 370 1
436 397 1
437 112 1
438 221 1
438 281 1
438 437 1
439 57 1
439 107 1
439 110 1
441 185 1
441 427 1
442 75 1
442 113 1
442 244 1
443 297 1
443 487 1
444 39 1
444 176 1
444 389 1
445 151 1
445 250 1
446 199 1
446 235 1
447 292 1
448 62 1
448 108 1
448 385 1
449 73 1
452 19 1
452 184 1
452 218 1
452 233 1
453 156 1
453 396 1
453 449 1
454 53 1
454 209 1
455 384 1
456 93 1
456 331 1
456 394 1
457 292 1
458 264 1
458 371 1
458 480 1
459 11 1
459 425 1
460 461 1
461 319 1
461 334 1
461 443 1
462 225 1
462 369 1
462 451 1
463 312 1
465 30 1
465 275 1
466 14 1
466 368 1
467 316 1
467 373 1
468 285 1
468 308 1
468 439 1
469 126 1
469 260 1
469 300 1
470 95 1
470 133 1
470 140 1
470 261 1
471 355 1
471 478 1
472 277 1
472 327 1
472 495 1
473 390 1
474 29 1
474 239 1
476 132 1
478 363 1
478 377 1
479 51 1
479 121 1
481 294 1
481 298 1
481 351 1
482 97 1
482 112 1
482 364 1
484 395 1
485 61 1
486 4 1
486 39 1
486 224 1
486 429 1
488 315 1
488 385 1
488 494 1
489 185 1
489 206 1
489 393 1
490 173 1
491 230 1
491 293 1
491 425 1
493 376 1
493 416 1
494 37 1
494 443 1
495 94 1
495 381 1
496 24 1
496 195 1
500 323 1
500 496 1
GridOccNum 853

EdgeSiteNum
  100   100    49    49 
  100   100    49    49 
  100   100    49    49 
  100   100    49    49 

EdgeOccNum
   89    93    44    41 
   89    93    44    41 
   89    93    44    41 
   89    93    44    41 

Edge1
1 1 1 1 1 1 1 1 1 1 1 1 0 1 1 1 1 1 1 1 1 1 1 1 1 1 1 1 1 1 0 1 1 1 1 1 1 1 1 1 1 1 0 1 1 1 1 1 1 1 1 1 1 1 1 1 1 1 1 1 0 1 1 1 1 1 1 1 0 1 1 1 1 1 1 0 1 1 0 1 1 1 1 1 1 1 1 1 0 1 0 1 0 0 1 1 1 1 1 1 
Edge2
0 1 1 1 1 1 0 0 1 1 1 1 0 1 1 1 1 1 1 1 1 1 1 1 1 1 1 1 1 0 1 1 1 1 1 1 1 1 1 1 1 1 1 1 1 1 1 1 1 1 1 1 1 1 1 1 1 1 1 1 1 1 1 1 1 1 1 1 1 1 1 1 1 1 1 1 1 1 1 1 1 1 1 0 1 1 1 1 1 1 1 1 1 1 1 0 1 1 1 1 
Edge3
1 1 1 1 1 1 1 0 1 1 1 1 1 1 1 1 1 1 1 0 1 1 1 1 1 1 0 1 1 1 1 1 1 1 1 1 1 0 1 1 1 1 1 1 1 0 1 1 1 
Edge4
1 1 1 1 1 1 1 1 1 0 1 1 0 1 1 1 1 1 1 1 1 1 0 1 1 1 0 1 1 1 1 1 0 1 0 1 1 1 1 1 1 1 1 1 0 1 0 1 1 
