 EdgeSiteNum:  100  100   49   49 
 EdgeOccNum:
   2    2    2    0 
   4    4    0    1 
   2    3    1    2 
   3    4    1    3 
   5    3    0    3 
   4    4    2    3 
   2    4    3    2 
   1    3    4    3 
   4    6    4    1 
   4    5    1    3 
   4    6    2    5 
   6    4    5    2 
   3    4    5    1 
   4    3    3    4 
   7    6    5    0 
  11    4    3    1 
   7    7    4    2 
   6    6    2    3 
   8    7    2    3 
   8    7    0    3 
   7    7    3    1 
   4    9    1    6 
   5   11    4    4 
   6    7    4    6 
   4    9    4    6 
   6   10    4    4 
   3   13    6    5 
   3    9    6    4 
   8   11    5    3 
   6   11    5    3 
   9   10    6    4 
  11    7    6    6 
  10   10    6    6 
   8   12    5    1 
   8   13    6    4 
   7   10    5    4 
   8   12   11    3 
   7   12   10    1 
   6   17    4    5 
   8   16    5    3 
   5   17    5    7 
  10   17    3    6 
   8   15    2    3 
   8   16    2    3 
  11   14    3    1 
   9   10    7    2 
   8    8    5    6 
   8    8    5    3 
  10   10    5    2 
   8    8    8    3 
   6    8    7    3 
  10    7    8    3 
   8   10    4    5 
  12   10    7    4 
  10   11    5    2 
   5   11    7    3 
   7    6    6    5 
   9   12    3    6 
  10   11    2    7 
   7    9    2    3 
   5   10    2    6 
   7   12    5    5 
  10   10    5    2 
   8   12    4    2 
   9   11    7    4 
   9   10    5    3 
   9   12    2    4 
  13    9    2    6 
   9   11    2    5 
  12    7    3    4 
   7    7    4    5 
  12    8    3    1 
  10    9    5    1 
   9    6    3    8 
   7   10    1    6 
   4    6    3    8 
   8    6    4    8 
   9    4    3    7 
   7    5    5    8 
   4    9    5    7 
   7    6    4    8 
   8    9    7    3 
   9    5    6    5 
   9    6    3    6 
   8    6    5    5 
   6    7    6    6 
   3    8    7    7 
   9    7    6    5 
   8    8    7    4 
   7    7    4    7 
   8    6    6   10 
  13    4    5    2 
  11    6    2    6 
  11    8    5    3 
   9    7    7    3 
  10    5    8    7 
   9    5    4   14 
   4   11    4   10 
   9   11    5    9 
  11   12    5    7 
  13   13    7    6 
  15   16    5    4 
  13   19    3    4 
  11   16    7    4 
  14   10   11    5 
  14    6    4    6 
  14   10    3    6 
  11   16    6    4 
  14   13    4    2 
  11   16    6    4 
  11   14    5    5 
  14   11    5    6 
  13   13    2   11 
   7   12    4    8 
  13    9    3    5 
  12    7    5    5 
   9   15    4    7 
  11    9    5    5 
  14   16    4    5 
  18   11    6    6 
  10   16    3    6 
  13   19    2    6 
  12   14    2    6 
  12   18    3    4 
  12    9    6    5 
  16   11    4    4 
  11   11    6    8 
  17    7    2    7 
  19    7    3    6 
  16    9    5    5 
  16    6    9    6 
  13   10   11    4 
  15    7    8    4 
  20    8    5    2 
  16    9    4    6 
  10   16    5    1 
   6   15    6    4 
  10   18    4    4 
  13   11    3    6 
  16   11    5    3 
  10   10    5    5 
   8   10    7    2 
  10    9    5    3 
  16    5    2    8 
  14    8    4    4 
  10   10    4    4 
  11    9    4    5 
  13    7    3    3 
  13   10    3    3 
  10    5    7    7 
   6    8    6    8 
   6    8    2    5 
   7    8    3    6 
   7   13    3    4 
   8   10    5    4 
   2   11    3    4 
   6   15    2    3 
  10    9    4    3 
  10   12    3    5 
   7   12    4    6 
  13   11    3    3 
  13   11    6    4 
  10    8    5    4 
  10   12    6    7 
  11   11    5    4 
  14   13    8    3 
  10   10    4    3 
  11    4    7    6 
  11    5    4    4 
  14    6    6    6 
  12    6    5    6 
  11    8    4    5 
  15    5    5    7 
  15    8    4    6 
  14    9    2    8 
  14    9    1    8 
  15   12    0    8 
  17    8    5    8 
  14    7    7    8 
  20    6    5    6 
  18   15    8    6 
  12   16   10    7 
  12   11   12    5 
  14   10   12    5 
  15    9   11    5 
  13   16    8    5 
  15   13    9    8 
  17   15    7    5 
  23   17    5    6 
  21   13    4    7 
  18   18    3    3 
  14   14    7    4 
  14   15    7    6 
  11   13    9    7 
  10   12    9    7 
  10   14    7   10 
  12   17    4    8 
  15   15    4    5 
  22   13    5    4 
  15   16    7    7 
