 Site Number: 240000
 Time (s)          H  
 0.000E+00         0 
 0.376E-06         4 
 0.600E-06         5 
 0.745E-06         6 
 0.890E-06         3 
 0.997E-06         5 
 0.109E-05         3 
 0.122E-05         5 
 0.135E-05         7 
 0.142E-05         5 
 0.150E-05         9 
 0.158E-05         3 
 0.170E-05         3 
 0.178E-05         9 
 0.186E-05         8 
 0.194E-05         6 
 0.201E-05         7 
 0.210E-05         6 
 0.219E-05         9 
 0.227E-05         8 
 0.234E-05         4 
 0.243E-05         4 
 0.252E-05         4 
 0.262E-05         2 
 0.271E-05         9 
 0.276E-05        11 
 0.285E-05         8 
 0.292E-05         5 
 0.298E-05        12 
 0.302E-05         9 
 0.308E-05        11 
 0.313E-05         9 
 0.319E-05         8 
 0.326E-05         6 
 0.332E-05        12 
 0.337E-05         7 
 0.341E-05        14 
 0.345E-05         8 
 0.350E-05        10 
 0.355E-05         8 
 0.361E-05         8 
 0.367E-05         8 
 0.374E-05         6 
 0.379E-05        14 
 0.382E-05        13 
 0.388E-05         9 
 0.393E-05        10 
 0.400E-05         7 
 0.408E-05        10 
 0.413E-05        11 
 0.420E-05         7 
 0.428E-05        10 
 0.434E-05         8 
 0.439E-05         9 
 0.445E-05         5 
 0.449E-05        10 
 0.453E-05        10 
 0.458E-05         8 
 0.467E-05         4 
 0.475E-05         6 
 0.481E-05        15 
 0.486E-05        13 
 0.490E-05         9 
 0.495E-05        13 
 0.499E-05        14 
 0.505E-05         9 
 0.511E-05        11 
 0.518E-05         9 
 0.523E-05         8 
 0.528E-05         9 
 0.537E-05         8 
 0.543E-05         9 
 0.548E-05         8 
 0.554E-05         7 
 0.561E-05         6 
 0.568E-05         6 
 0.576E-05         9 
 0.581E-05         8 
 0.587E-05         9 
 0.594E-05         9 
 0.600E-05         7 
 0.608E-05         7 
 0.616E-05         5 
 0.622E-05         5 
 0.631E-05         6 
 0.637E-05         6 
 0.643E-05         7 
 0.648E-05        11 
 0.654E-05         7 
 0.661E-05         9 
 0.668E-05         9 
 0.677E-05         4 
 0.682E-05        10 
 0.689E-05         9 
 0.695E-05         9 
 0.701E-05        10 
 0.713E-05         6 
 0.719E-05         6 
 0.725E-05        11 
 0.731E-05        10 
 0.735E-05        11 
 0.740E-05         9 
 0.745E-05         8 
 0.752E-05         9 
 0.757E-05        10 
 0.761E-05         8 
 0.766E-05        16 
 0.770E-05        13 
 0.775E-05         9 
 0.779E-05        11 
 0.785E-05         7 
 0.790E-05         9 
 0.796E-05        12 
 0.801E-05         9 
 0.805E-05        17 
 0.808E-05        16 
 0.812E-05        17 
 0.816E-05        11 
 0.821E-05        16 
 0.826E-05         9 
 0.831E-05         9 
 0.834E-05        15 
 0.838E-05         8 
 0.843E-05        12 
 0.848E-05        11 
 0.852E-05        16 
 0.856E-05        11 
 0.860E-05        10 
 0.864E-05        13 
 0.869E-05        11 
 0.873E-05        13 
 0.877E-05        11 
 0.884E-05         8 
 0.888E-05        10 
 0.895E-05         9 
 0.903E-05         9 
 0.907E-05        12 
 0.912E-05        11 
 0.918E-05         6 
 0.923E-05         7 
 0.930E-05         5 
 0.937E-05        10 
 0.943E-05        11 
 0.948E-05        11 
 0.954E-05         7 
 0.960E-05        10 
 0.964E-05         8 
 0.970E-05         7 
 0.978E-05         8 
 0.985E-05         5 
 0.991E-05         9 
 0.996E-05         8 
 0.100E-04        15 
 0.101E-04        12 
 0.101E-04         5 
 0.102E-04         5 
 0.103E-04        10 
 0.104E-04         8 
 0.104E-04        10 
 0.105E-04         8 
 0.105E-04        11 
 0.106E-04        10 
 0.106E-04         4 
 0.107E-04        11 
 0.107E-04         5 
 0.108E-04        11 
 0.109E-04         4 
 0.109E-04        13 
 0.110E-04         6 
 0.111E-04        10 
 0.111E-04         6 
 0.112E-04         9 
 0.113E-04        12 
 0.113E-04        10 
 0.114E-04         9 
 0.114E-04        11 
 0.115E-04        12 
 0.115E-04        15 
 0.116E-04        14 
 0.116E-04        16 
 0.116E-04        17 
 0.117E-04         5 
 0.117E-04         7 
 0.118E-04        14 
 0.118E-04        13 
 0.119E-04        14 
 0.119E-04        12 
 0.119E-04         9 
 0.120E-04        12 
 0.120E-04         5 
 0.121E-04        11 
 0.121E-04        10 
 0.122E-04        11 
 0.122E-04        10 
 0.123E-04        12 
 0.123E-04        14 
 0.123E-04        11 
 0.124E-04        13 
 0.124E-04        15 
 0.125E-04        12 
 0.125E-04        11 
