 Time (s)          H  
 0.000E+00  0.000E+00
 0.202E-07  0.150E-03
 0.318E-07  0.154E-03
 0.448E-07  0.150E-03
 0.573E-07  0.183E-03
 0.678E-07  0.192E-03
 0.772E-07  0.192E-03
 0.881E-07  0.154E-03
 0.102E-06  0.125E-03
 0.117E-06  0.158E-03
 0.129E-06  0.167E-03
 0.141E-06  0.146E-03
 0.154E-06  0.167E-03
 0.164E-06  0.217E-03
 0.173E-06  0.233E-03
 0.180E-06  0.262E-03
 0.188E-06  0.233E-03
 0.197E-06  0.229E-03
 0.204E-06  0.300E-03
 0.211E-06  0.279E-03
 0.217E-06  0.304E-03
 0.223E-06  0.304E-03
 0.230E-06  0.354E-03
 0.235E-06  0.317E-03
 0.241E-06  0.371E-03
 0.247E-06  0.371E-03
 0.252E-06  0.392E-03
 0.257E-06  0.408E-03
 0.262E-06  0.388E-03
 0.267E-06  0.367E-03
 0.272E-06  0.350E-03
 0.278E-06  0.325E-03
 0.284E-06  0.362E-03
 0.289E-06  0.358E-03
 0.295E-06  0.325E-03
 0.301E-06  0.354E-03
 0.306E-06  0.400E-03
 0.311E-06  0.404E-03
 0.316E-06  0.379E-03
 0.321E-06  0.429E-03
 0.325E-06  0.404E-03
 0.330E-06  0.367E-03
 0.336E-06  0.354E-03
 0.341E-06  0.400E-03
 0.346E-06  0.404E-03
 0.351E-06  0.392E-03
 0.356E-06  0.392E-03
 0.361E-06  0.379E-03
 0.366E-06  0.383E-03
 0.372E-06  0.379E-03
 0.376E-06  0.404E-03
 0.381E-06  0.388E-03
 0.386E-06  0.388E-03
 0.391E-06  0.396E-03
 0.396E-06  0.392E-03
 0.402E-06  0.371E-03
 0.407E-06  0.371E-03
 0.412E-06  0.358E-03
 0.418E-06  0.342E-03
 0.424E-06  0.338E-03
 0.430E-06  0.325E-03
 0.436E-06  0.317E-03
 0.442E-06  0.354E-03
 0.447E-06  0.371E-03
 0.452E-06  0.383E-03
 0.457E-06  0.404E-03
 0.462E-06  0.342E-03
 0.468E-06  0.375E-03
 0.472E-06  0.371E-03
 0.477E-06  0.412E-03
 0.482E-06  0.433E-03
 0.487E-06  0.412E-03
 0.492E-06  0.388E-03
 0.497E-06  0.354E-03
 0.503E-06  0.321E-03
 0.508E-06  0.346E-03
 0.514E-06  0.329E-03
 0.520E-06  0.354E-03
 0.525E-06  0.354E-03
 0.531E-06  0.362E-03
 0.536E-06  0.367E-03
 0.541E-06  0.367E-03
 0.547E-06  0.321E-03
 0.553E-06  0.304E-03
 0.560E-06  0.292E-03
 0.566E-06  0.346E-03
 0.572E-06  0.338E-03
 0.578E-06  0.333E-03
 0.584E-06  0.325E-03
 0.590E-06  0.312E-03
 0.596E-06  0.317E-03
 0.602E-06  0.375E-03
 0.607E-06  0.408E-03
 0.612E-06  0.383E-03
 0.617E-06  0.375E-03
 0.622E-06  0.350E-03
 0.628E-06  0.329E-03
 0.634E-06  0.367E-03
 0.639E-06  0.362E-03
 0.644E-06  0.417E-03
 0.649E-06  0.408E-03
 0.654E-06  0.392E-03
 0.659E-06  0.429E-03
 0.663E-06  0.458E-03
 0.668E-06  0.463E-03
 0.672E-06  0.471E-03
 0.676E-06  0.438E-03
 0.681E-06  0.408E-03
 0.686E-06  0.396E-03
 0.691E-06  0.400E-03
 0.695E-06  0.429E-03
 0.700E-06  0.417E-03
 0.705E-06  0.421E-03
 0.710E-06  0.379E-03
 0.715E-06  0.383E-03
 0.720E-06  0.371E-03
 0.726E-06  0.346E-03
 0.731E-06  0.367E-03
 0.737E-06  0.371E-03
 0.742E-06  0.342E-03
 0.748E-06  0.367E-03
 0.753E-06  0.379E-03
 0.758E-06  0.408E-03
 0.763E-06  0.388E-03
 0.768E-06  0.350E-03
 0.773E-06  0.371E-03
 0.779E-06  0.346E-03
 0.785E-06  0.333E-03
 0.791E-06  0.325E-03
 0.797E-06  0.329E-03
 0.803E-06  0.312E-03
 0.809E-06  0.333E-03
 0.814E-06  0.342E-03
 0.820E-06  0.325E-03
 0.826E-06  0.288E-03
 0.832E-06  0.329E-03
 0.838E-06  0.342E-03
 0.843E-06  0.404E-03
 0.848E-06  0.425E-03
 0.853E-06  0.425E-03
 0.857E-06  0.429E-03
 0.862E-06  0.438E-03
 0.866E-06  0.438E-03
 0.871E-06  0.458E-03
 0.875E-06  0.446E-03
 0.879E-06  0.433E-03
 0.884E-06  0.421E-03
 0.888E-06  0.433E-03
 0.893E-06  0.367E-03
 0.899E-06  0.379E-03
 0.904E-06  0.362E-03
 0.909E-06  0.375E-03
 0.915E-06  0.371E-03
 0.920E-06  0.350E-03
 0.926E-06  0.350E-03
 0.932E-06  0.325E-03
 0.938E-06  0.342E-03
 0.943E-06  0.358E-03
 0.949E-06  0.358E-03
 0.954E-06  0.342E-03
 0.960E-06  0.383E-03
 0.965E-06  0.358E-03
 0.970E-06  0.379E-03
 0.975E-06  0.400E-03
 0.980E-06  0.417E-03
 0.985E-06  0.408E-03
 0.990E-06  0.408E-03
 0.994E-06  0.450E-03
 0.998E-06  0.463E-03
 0.100E-05  0.438E-03
 0.101E-05  0.450E-03
 0.101E-05  0.446E-03
 0.102E-05  0.446E-03
 0.102E-05  0.429E-03
 0.103E-05  0.379E-03
 0.103E-05  0.404E-03
 0.104E-05  0.433E-03
 0.104E-05  0.429E-03
 0.104E-05  0.388E-03
 0.105E-05  0.342E-03
 0.106E-05  0.383E-03
 0.106E-05  0.396E-03
 0.107E-05  0.396E-03
 0.107E-05  0.392E-03
 0.108E-05  0.358E-03
 0.108E-05  0.350E-03
 0.109E-05  0.325E-03
 0.109E-05  0.396E-03
 0.110E-05  0.358E-03
 0.110E-05  0.350E-03
 0.111E-05  0.388E-03
 0.111E-05  0.354E-03
 0.112E-05  0.388E-03
 0.112E-05  0.396E-03
 0.113E-05  0.408E-03
 0.113E-05  0.388E-03
 0.114E-05  0.371E-03
 0.114E-05  0.388E-03
 0.115E-05  0.346E-03
 0.116E-05  0.338E-03
 0.116E-05  0.346E-03
