 EdgeSiteNum:  100  100   49   49 
 EdgeOccNum:
   8    4    1    3 
  14    8    3    4 
  18   13   10    5 
  23   15   11    9 
  31   21   15   11 
  37   27   15   13 
  41   34   18   16 
  50   44   18   18 
  54   47   19   18 
  63   53   20   22 
  63   54   25   25 
  64   61   27   28 
  64   64   28   30 
  66   65   28   33 
  66   66   31   34 
  71   69   31   35 
  72   68   35   36 
  72   69   34   37 
  75   71   34   37 
  74   73   36   36 
  77   73   35   38 
  78   71   36   36 
  80   72   36   40 
  82   70   35   40 
  83   72   35   39 
  82   75   36   39 
  83   76   36   39 
  83   76   37   37 
  82   76   34   38 
  80   78   34   38 
  83   80   35   40 
  87   78   37   39 
  86   80   35   41 
  88   81   35   42 
  88   82   35   42 
  88   78   33   41 
  86   80   35   42 
  90   82   34   41 
  90   81   36   42 
  91   80   34   44 
  91   81   35   43 
  93   82   35   43 
  92   82   32   44 
  92   79   35   43 
  91   83   36   44 
  92   82   35   43 
  90   80   36   43 
  91   80   36   43 
  91   78   36   42 
  91   79   35   42 
  91   76   34   44 
  91   81   36   43 
  91   82   34   42 
  91   82   37   42 
  91   83   36   43 
  89   84   38   44 
  91   85   38   44 
  91   85   36   42 
  91   84   38   42 
  90   83   38   43 
  92   85   40   43 
  90   85   41   45 
  90   86   40   45 
  89   86   40   45 
  89   86   37   45 
  90   89   38   45 
  89   90   39   44 
  89   90   38   42 
  89   90   39   43 
  90   91   37   44 
  89   91   38   43 
  91   90   39   43 
  92   90   37   42 
  92   90   39   42 
  92   90   36   45 
  92   89   37   45 
  89   89   34   45 
  88   88   36   45 
  89   89   36   45 
  89   88   36   45 
  91   91   37   43 
  92   90   39   44 
  92   90   41   44 
  89   89   42   44 
  89   89   42   45 
  90   91   43   45 
  90   92   43   45 
  89   93   41   45 
  89   94   41   45 
  89   95   41   45 
  88   94   41   45 
  89   93   42   44 
  90   93   41   46 
  90   93   43   46 
  90   92   44   46 
  90   91   44   46 
  89   93   40   44 
  89   93   40   45 
  91   94   41   44 
  90   94   40   46 
  90   95   40   45 
  90   92   41   44 
  92   93   41   44 
  92   92   39   44 
  92   93   41   43 
  92   94   42   43 
  92   91   42   43 
  93   91   42   45 
  93   92   44   43 
  92   91   44   42 
  92   90   44   42 
  92   90   44   41 
  93   89   41   42 
  93   91   42   42 
  92   93   44   44 
  92   93   44   44 
  93   94   44   43 
  91   94   44   44 
  94   95   45   44 
  94   94   46   44 
  95   94   46   44 
  94   94   46   44 
  94   93   46   44 
  96   92   46   44 
  95   93   45   44 
  93   91   45   44 
  94   92   46   44 
  94   89   46   45 
  92   90   47   44 
  92   88   48   43 
  91   89   48   44 
  91   88   47   44 
  92   87   47   42 
  92   88   48   43 
  93   89   47   44 
  91   88   47   44 
  90   87   46   44 
  91   89   46   44 
  92   90   46   44 
  92   90   47   44 
  91   89   47   44 
  91   89   47   44 
  89   89   47   45 
  88   88   47   46 
  90   88   47   45 
  90   87   47   43 
  90   84   46   44 
  91   87   48   44 
  90   87   48   44 
  89   87   48   45 
  88   85   47   42 
  88   85   47   43 
  88   87   46   43 
  87   88   46   43 
  86   89   47   42 
  89   86   47   44 
  87   85   47   45 
  85   85   47   45 
  89   85   47   45 
  90   85   45   46 
  89   87   45   45 
  90   87   46   46 
  90   88   46   46 
  90   89   44   45 
  90   90   44   44 
  91   89   45   45 
  91   90   45   46 
  89   89   45   46 
  89   89   45   46 
  90   89   45   46 
  91   90   44   46 
  89   89   45   46 
  89   90   46   46 
  90   91   46   46 
  90   90   45   46 
  88   91   45   46 
  88   91   44   46 
  92   92   44   45 
  90   91   44   45 
  91   90   45   44 
  91   88   45   43 
  91   88   44   42 
  91   90   44   41 
  90   89   44   41 
  92   89   45   40 
  92   90   44   40 
  88   87   44   38 
  86   87   45   40 
  88   88   45   41 
  89   83   45   42 
  91   85   46   41 
  89   84   46   42 
  90   85   46   40 
  90   84   45   41 
  89   86   46   44 
  88   87   45   43 
  87   85   45   42 
  86   87   45   43 
  88   89   44   42 
  87   89   43   42 
