 Site Number: 240000
 Time (s)          H  
 0.000E+00         0 
 0.202E-07        36 
 0.318E-07        37 
 0.448E-07        36 
 0.573E-07        44 
 0.678E-07        46 
 0.772E-07        46 
 0.881E-07        37 
 0.102E-06        30 
 0.117E-06        38 
 0.129E-06        40 
 0.141E-06        35 
 0.154E-06        40 
 0.164E-06        52 
 0.173E-06        56 
 0.180E-06        63 
 0.188E-06        56 
 0.197E-06        55 
 0.204E-06        72 
 0.211E-06        67 
 0.217E-06        73 
 0.223E-06        73 
 0.230E-06        85 
 0.235E-06        76 
 0.241E-06        89 
 0.247E-06        89 
 0.252E-06        94 
 0.257E-06        98 
 0.262E-06        93 
 0.267E-06        88 
 0.272E-06        84 
 0.278E-06        78 
 0.284E-06        87 
 0.289E-06        86 
 0.295E-06        78 
 0.301E-06        85 
 0.306E-06        96 
 0.311E-06        97 
 0.316E-06        91 
 0.321E-06       103 
 0.325E-06        97 
 0.330E-06        88 
 0.336E-06        85 
 0.341E-06        96 
 0.346E-06        97 
 0.351E-06        94 
 0.356E-06        94 
 0.361E-06        91 
 0.366E-06        92 
 0.372E-06        91 
 0.376E-06        97 
 0.381E-06        93 
 0.386E-06        93 
 0.391E-06        95 
 0.396E-06        94 
 0.402E-06        89 
 0.407E-06        89 
 0.412E-06        86 
 0.418E-06        82 
 0.424E-06        81 
 0.430E-06        78 
 0.436E-06        76 
 0.442E-06        85 
 0.447E-06        89 
 0.452E-06        92 
 0.457E-06        97 
 0.462E-06        82 
 0.468E-06        90 
 0.472E-06        89 
 0.477E-06        99 
 0.482E-06       104 
 0.487E-06        99 
 0.492E-06        93 
 0.497E-06        85 
 0.503E-06        77 
 0.508E-06        83 
 0.514E-06        79 
 0.520E-06        85 
 0.525E-06        85 
 0.531E-06        87 
 0.536E-06        88 
 0.541E-06        88 
 0.547E-06        77 
 0.553E-06        73 
 0.560E-06        70 
 0.566E-06        83 
 0.572E-06        81 
 0.578E-06        80 
 0.584E-06        78 
 0.590E-06        75 
 0.596E-06        76 
 0.602E-06        90 
 0.607E-06        98 
 0.612E-06        92 
 0.617E-06        90 
 0.622E-06        84 
 0.628E-06        79 
 0.634E-06        88 
 0.639E-06        87 
 0.644E-06       100 
 0.649E-06        98 
 0.654E-06        94 
 0.659E-06       103 
 0.663E-06       110 
 0.668E-06       111 
 0.672E-06       113 
 0.676E-06       105 
 0.681E-06        98 
 0.686E-06        95 
 0.691E-06        96 
 0.695E-06       103 
 0.700E-06       100 
 0.705E-06       101 
 0.710E-06        91 
 0.715E-06        92 
 0.720E-06        89 
 0.726E-06        83 
 0.731E-06        88 
 0.737E-06        89 
 0.742E-06        82 
 0.748E-06        88 
 0.753E-06        91 
 0.758E-06        98 
 0.763E-06        93 
 0.768E-06        84 
 0.773E-06        89 
 0.779E-06        83 
 0.785E-06        80 
 0.791E-06        78 
 0.797E-06        79 
 0.803E-06        75 
 0.809E-06        80 
 0.814E-06        82 
 0.820E-06        78 
 0.826E-06        69 
 0.832E-06        79 
 0.838E-06        82 
 0.843E-06        97 
 0.848E-06       102 
 0.853E-06       102 
 0.857E-06       103 
 0.862E-06       105 
 0.866E-06       105 
 0.871E-06       110 
 0.875E-06       107 
 0.879E-06       104 
 0.884E-06       101 
 0.888E-06       104 
 0.893E-06        88 
 0.899E-06        91 
 0.904E-06        87 
 0.909E-06        90 
 0.915E-06        89 
 0.920E-06        84 
 0.926E-06        84 
 0.932E-06        78 
 0.938E-06        82 
 0.943E-06        86 
 0.949E-06        86 
 0.954E-06        82 
 0.960E-06        92 
 0.965E-06        86 
 0.970E-06        91 
 0.975E-06        96 
 0.980E-06       100 
 0.985E-06        98 
 0.990E-06        98 
 0.994E-06       108 
 0.998E-06       111 
 0.100E-05       105 
 0.101E-05       108 
 0.101E-05       107 
 0.102E-05       107 
 0.102E-05       103 
 0.103E-05        91 
 0.103E-05        97 
 0.104E-05       104 
 0.104E-05       103 
 0.104E-05        93 
 0.105E-05        82 
 0.106E-05        92 
 0.106E-05        95 
 0.107E-05        95 
 0.107E-05        94 
 0.108E-05        86 
 0.108E-05        84 
 0.109E-05        78 
 0.109E-05        95 
 0.110E-05        86 
 0.110E-05        84 
 0.111E-05        93 
 0.111E-05        85 
 0.112E-05        93 
 0.112E-05        95 
 0.113E-05        98 
 0.113E-05        93 
 0.114E-05        89 
 0.114E-05        93 
 0.115E-05        83 
 0.116E-05        81 
 0.116E-05        83 
