NumberOfSpeciesType  1
NumberOfEachSpecies 
83 

GridOcc
15 77 1
31 471 1
32 466 1
40 262 1
48 269 1
53 389 1
55 394 1
64 56 1
64 144 1
67 404 1
70 481 1
72 268 1
73 59 1
83 442 1
86 167 1
87 265 1
95 481 1
100 226 1
103 284 1
106 238 1
119 227 1
120 245 1
124 221 1
126 306 1
130 265 1
146 82 1
156 248 1
157 288 1
159 176 1
163 62 1
171 291 1
175 319 1
184 400 1
188 96 1
191 86 1
204 375 1
216 161 1
223 77 1
227 39 1
237 54 1
238 494 1
242 103 1
246 428 1
272 188 1
279 52 1
279 412 1
286 360 1
290 311 1
301 156 1
317 32 1
319 386 1
330 366 1
338 389 1
350 385 1
354 276 1
354 428 1
372 250 1
380 215 1
384 40 1
389 244 1
397 336 1
409 396 1
411 100 1
417 94 1
418 223 1
418 493 1
423 401 1
446 200 1
449 151 1
456 490 1
460 343 1
460 436 1
463 117 1
464 278 1
465 296 1
466 253 1
471 492 1
472 55 1
479 487 1
486 112 1
487 150 1
488 473 1
488 480 1
GridOccNum 83

EdgeSiteNum
  100   100    49    49 
  100   100    49    49 
  100   100    49    49 
  100   100    49    49 

EdgeOccNum
   87    89    43    42 
   87    89    43    42 
   87    89    43    42 
   87    89    43    42 

Edge1
1 1 1 1 1 1 1 1 1 1 1 1 1 1 0 1 1 1 1 1 1 1 1 0 1 1 1 1 1 1 1 1 1 1 1 1 1 1 1 1 1 0 1 1 1 1 1 1 1 1 1 1 1 0 1 1 1 1 1 1 1 1 1 1 0 1 1 1 1 1 1 0 1 1 1 1 1 1 1 1 1 1 0 1 1 1 1 1 0 0 0 1 1 1 0 1 1 1 0 0 
Edge2
1 1 1 1 1 1 1 1 1 1 0 1 1 1 1 1 1 1 1 0 1 1 1 1 1 1 1 1 0 1 1 1 1 1 1 1 1 1 1 1 1 1 1 1 1 1 1 1 1 1 1 1 0 1 1 1 0 1 1 1 0 1 1 1 1 1 1 1 0 1 1 1 1 1 1 0 1 1 1 1 1 1 1 1 1 0 0 1 1 0 1 1 1 1 1 1 1 1 1 1 
Edge3
1 1 1 1 1 1 1 0 1 1 1 1 1 1 1 1 1 1 1 1 1 1 1 0 1 1 1 1 1 1 1 0 0 0 1 1 1 1 1 1 1 0 1 1 1 1 1 1 1 
Edge4
1 1 1 1 0 1 1 1 1 1 0 0 1 1 1 1 1 1 0 0 1 1 1 1 0 1 1 1 1 1 0 1 1 1 1 1 1 1 1 1 1 1 1 1 1 1 1 1 1 
